100,50,0,9.999999999998899e-4
200,20,9.999999999998899e-4,0.001000000000000112
200,30,9.999999999998899e-4,0.0020000000000000018
100,10,0,0.001000000000000112
300,30,0.001000000000000112,0.0020000000000000018
100,30,0,9.999999999998899e-4
300,10,9.999999999998899e-4,0.0020000000000000018
300,50,0.001000000000000112,0.0030000000000001137
300,40,0.0020000000000000018,0.0020000000000000018
400,20,0.001000000000000112,0.0020000000000000018
400,40,9.999999999998899e-4,0.0030000000000001137
200,50,9.999999999998899e-4,0.0019999999999997797
500,10,9.999999999998899e-4,0.0020000000000000018
400,50,0.0020000000000000018,0.0030000000000001137
500,30,9.999999999998899e-4,0.0029999999999998916
100,40,0,9.999999999998899e-4
600,10,9.999999999998899e-4,0.0020000000000000018
200,10,0.001000000000000112,9.999999999998899e-4
100,20,0,9.999999999998899e-4
400,30,9.999999999998899e-4,0.0020000000000000018
600,40,0.0020000000000000018,0.004999999999999893
700,10,0.001000000000000112,0.0020000000000000018
600,50,0.0020000000000000018,0.004999999999999893
500,50,9.999999999998899e-4,0.0040000000000000036
700,50,0.0020000000000000018,0.006000000000000005
400,10,0.001000000000000112,9.999999999998899e-4
700,30,0.0020000000000000018,0.0040000000000000036
600,20,9.999999999998899e-4,0.0030000000000001137
500,20,0.001000000000000112,0.0020000000000000018
700,40,0.0020000000000000018,0.006000000000000005
800,20,0.0020000000000000018,0.0029999999999998916
800,30,0.001000000000000112,0.0040000000000000036
800,40,0.0020000000000000018,0.006000000000000005
300,20,9.999999999998899e-4,0.0020000000000000018
900,20,0.0020000000000000018,0.0040000000000000036
600,30,0.0020000000000000018,0.0029999999999998916
900,40,0.0030000000000001137,0.006000000000000005
900,30,0.0020000000000000018,0.006000000000000005
900,50,0.0029999999999998916,0.008000000000000007
800,50,0.0030000000000001137,0.006999999999999895
500,40,0.0020000000000000018,0.0029999999999998916
800,10,0.001000000000000112,0.0020000000000000018
1000,30,0.001000000000000112,0.0050000000000001155
1000,50,0.0029999999999998916,0.009000000000000119
1000,40,0.0020000000000000018,0.007000000000000117
1000,20,0.0020000000000000018,0.0040000000000000036
1000,10,9.999999999998899e-4,0.0020000000000000018
700,20,9.999999999998899e-4,0.0030000000000001137
200,40,9.999999999998899e-4,0.0020000000000000018
900,10,9.999999999998899e-4,0.0020000000000000018
2100,10,0.0020000000000000018,0.0040000000000000036
2300,20,0.0029999999999998916,0.009000000000000119
2500,20,0.0029999999999998916,0.010000000000000009
2400,30,0.0040000000000000036,0.013000000000000123
2500,10,0.0020000000000000018,0.006000000000000005
2600,10,0.0030000000000001137,0.004999999999999893
2200,20,0.0029999999999998916,0.008000000000000007
2100,20,0.0030000000000001137,0.008999999999999897
2200,30,0.0040000000000000036,0.013000000000000123
2300,40,0.0050000000000001155,0.016999999999999904
2800,30,0.0040000000000000036,0.015000000000000124
2600,20,0.0040000000000000036,0.009000000000000119
2200,40,0.0040000000000000036,0.016000000000000014
2500,30,0.0040000000000000036,0.014000000000000012
2700,30,0.0040000000000000036,0.014000000000000012
2400,10,0.0020000000000000018,0.0050000000000001155
2700,10,0.0020000000000000018,0.0050000000000001155
2800,20,0.0040000000000000036,0.010000000000000009
2100,30,0.0040000000000000036,0.01200000000000001
2800,50,0.007000000000000117,0.020999999999999908
2600,50,0.006000000000000005,0.020000000000000018
2300,30,0.0030000000000001137,0.013000000000000123
2400,50,0.006000000000000005,0.020000000000000018
2900,30,0.0040000000000000036,0.015000000000000124
2200,50,0.004999999999999893,0.018999999999999906
2500,50,0.006000000000000005,0.019999999999999796
3000,20,0.0030000000000001137,0.010000000000000009
3000,30,0.0040000000000000036,0.014999999999999902
2300,10,0.0020000000000000018,0.004999999999999893
2400,40,0.0050000000000001155,0.016000000000000014
2600,30,0.0040000000000000036,0.013000000000000123
2900,20,0.0029999999999998916,0.010000000000000009
2400,20,0.0030000000000001137,0.008999999999999897
2700,40,0.004999999999999893,0.018000000000000016
3000,10,0.0020000000000000018,0.004999999999999893
2700,50,0.006000000000000005,0.02200000000000002
3000,40,0.0050000000000001155,0.018999999999999906
2800,10,0.0020000000000000018,0.006000000000000005
2500,40,0.004999999999999893,0.017000000000000126
2100,40,0.0040000000000000036,0.014000000000000012
3000,50,0.006000000000000005,0.02200000000000002
2700,20,0.0030000000000001137,0.008999999999999897
2800,40,0.006000000000000005,0.018000000000000016
2900,10,0.0020000000000000018,0.005999999999999783
2200,10,0.0020000000000000018,0.0040000000000000036
2900,40,0.0040000000000000036,0.016999999999999904
2900,50,0.006000000000000005,0.020999999999999908
2100,50,0.0040000000000000036,0.01399999999999979
2600,40,0.004999999999999893,0.01499999999999968
2300,50,0.004999999999999893,0.014000000000000234
3100,20,0.0040000000000000036,0.010000000000000009
3100,40,0.006999999999999895,0.018999999999999906
3200,10,0.0020000000000000018,0.006000000000000005
3200,40,0.0050000000000001155,0.020000000000000018
3200,30,0.0040000000000000036,0.015000000000000124
3500,40,0.006000000000000005,0.02100000000000013
3100,50,0.006999999999999673,0.027000000000000135
3100,10,0.0030000000000001137,0.007000000000000117
3300,40,0.006000000000000227,0.020000000000000018
3400,20,0.0030000000000001137,0.010999999999999677
3400,10,0.0019999999999997797,0.004999999999999893
3300,50,0.008000000000000007,0.03300000000000036
3500,10,0.004999999999999893,0.005999999999999783
3400,40,0.008000000000000007,0.02300000000000013
3900,40,0.008999999999999897,0.02300000000000013
3900,10,0.0040000000000000036,0.007000000000000117
3500,30,0.005999999999999783,0.018000000000000238
3400,30,0.005999999999999783,0.016000000000000014
3700,20,0.0040000000000000036,0.011999999999999567
3400,50,0.007000000000000117,0.02499999999999991
3600,10,0.002000000000000224,0.007000000000000117
3600,50,0.008000000000000007,0.028000000000000025
3300,30,0.005999999999999783,0.017000000000000348
3900,30,0.004999999999999893,0.016999999999999904
3700,40,0.005999999999999783,0.020999999999999908
3500,50,0.008000000000000007,0.028000000000000025
3600,40,0.007000000000000117,0.02499999999999991
3800,20,0.004999999999999893,0.014000000000000234
3100,30,0.0040000000000000036,0.016000000000000014
3700,10,0.0029999999999996696,0.007000000000000117
3900,20,0.0040000000000000036,0.014000000000000234
4000,10,0.0030000000000001137,0.008000000000000007
4000,30,0.006000000000000227,0.020999999999999908
4000,50,0.008999999999999897,0.03100000000000014
3700,30,0.005999999999999783,0.018000000000000238
4000,20,0.0040000000000000036,0.0129999999999999
3200,50,0.007000000000000117,0.02499999999999991
3200,20,0.0029999999999996696,0.010000000000000231
3900,50,0.008000000000000007,0.028000000000000025
3300,10,0.0019999999999997797,0.006000000000000227
3300,20,0.0029999999999996696,0.010000000000000231
3700,50,0.007000000000000117,0.0259999999999998
3500,20,0.0040000000000000036,0.010000000000000231
3600,30,0.0040000000000000036,0.016999999999999904
3600,20,0.0030000000000001137,0.01100000000000012
3800,50,0.007000000000000117,0.021999999999999797
3800,10,0.002000000000000224,0.007000000000000117
3800,30,0.004999999999999893,0.017000000000000348
3800,40,0.005999999999999783,0.02200000000000024
4000,40,0.006000000000000227,0.021999999999999797
4200,20,0.0040000000000000036,0.014000000000000234
4100,10,0.0030000000000001137,0.008000000000000007
4200,30,0.0050000000000003375,0.019000000000000128
4200,50,0.008999999999999897,0.03000000000000025
4200,40,0.007000000000000117,0.02499999999999991
4100,40,0.007000000000000117,0.02400000000000002
4100,50,0.008999999999999897,0.040000000000000036
4300,50,0.008000000000000007,0.03200000000000003
4500,30,0.006000000000000227,0.020000000000000018
4600,40,0.008000000000000007,0.0259999999999998
4600,20,0.0040000000000000036,0.014000000000000234
4500,40,0.008000000000000007,0.0259999999999998
4300,40,0.008000000000000007,0.03100000000000014
4900,20,0.004999999999999893,0.01399999999999979
5000,30,0.004999999999999893,0.020999999999999908
4600,10,0.0040000000000000036,0.008999999999999897
4500,20,0.004999999999999893,0.016999999999999904
4400,30,0.007000000000000117,0.02300000000000013
4500,10,0.0040000000000000036,0.008999999999999897
4400,40,0.008999999999999897,0.028999999999999915
4100,30,0.005999999999999783,0.02300000000000013
5000,50,0.008999999999999897,0.03300000000000036
4700,50,0.010000000000000231,0.03699999999999992
4200,10,0.0030000000000001137,0.008000000000000007
4900,30,0.007000000000000117,0.02499999999999991
4900,40,0.008999999999999897,0.03200000000000003
4700,40,0.008999999999999897,0.03200000000000003
5000,20,0.004999999999999893,0.018000000000000238
4800,30,0.007000000000000117,0.02300000000000013
5000,40,0.008999999999999897,0.03200000000000003
4900,50,0.008999999999999897,0.03200000000000003
4800,20,0.004999999999999893,0.016999999999999904
4800,50,0.01100000000000012,0.03699999999999992
4800,40,0.007000000000000117,0.0259999999999998
4100,20,0.0040000000000000036,0.0129999999999999
4500,50,0.009999999999999787,0.03299999999999992
4300,30,0.004999999999999893,0.020000000000000018
4300,20,0.0040000000000000036,0.014000000000000234
4700,20,0.0040000000000000036,0.015000000000000124
4400,10,0.0030000000000001137,0.006999999999999673
4400,20,0.004000000000000448,0.0129999999999999
4300,10,0.0019999999999997797,0.006999999999999673
4400,50,0.008000000000000007,0.030999999999999694
4600,50,0.009000000000000341,0.03200000000000003
4700,30,0.005999999999999339,0.021000000000000796
4600,30,0.006000000000000227,0.019999999999999574
4700,10,0.0030000000000001137,0.008000000000000007
4800,10,0.004000000000000448,0.008000000000000007
4900,10,0.0019999999999997797,0.007000000000000561
5000,10,0.0030000000000001137,0.008000000000000007
5200,10,0.0040000000000000036,0.008999999999999897
5200,20,0.006000000000000227,0.017999999999999794
5300,10,0.0040000000000000036,0.01100000000000012
5100,50,0.010999999999999677,0.04200000000000026
5100,30,0.007000000000000117,0.02699999999999969
5500,30,0.008000000000000007,0.028999999999999915
5100,20,0.005999999999999783,0.018000000000000238
5300,30,0.008999999999999897,0.028000000000000025
5500,10,0.0040000000000000036,0.01100000000000012
5100,10,0.0030000000000001137,0.009999999999999787
5500,50,0.01200000000000001,0.042999999999999705
5100,40,0.010000000000000231,0.03399999999999981
5200,40,0.008999999999999897,0.03500000000000014
5600,40,0.009999999999999787,0.03600000000000003
5300,50,0.01100000000000012,0.040999999999999925
5300,20,0.005999999999999783,0.019000000000000128
5400,50,0.01200000000000001,0.04200000000000026
5200,50,0.01200000000000001,0.04200000000000026
5400,30,0.008000000000000007,0.028000000000000025
5700,20,0.005999999999999783,0.020000000000000018
5800,50,0.01200000000000001,0.04400000000000004
5300,40,0.009999999999999787,0.03500000000000014
6000,30,0.008000000000000007,0.028999999999999915
5400,20,0.004999999999999893,0.016999999999999904
5400,40,0.009000000000000341,0.03399999999999981
5500,40,0.008000000000000007,0.03200000000000003
5700,30,0.008000000000000007,0.028000000000000025
5500,20,0.008000000000000007,0.028000000000000025
5900,30,0.008000000000000007,0.02699999999999969
5800,30,0.006999999999999673,0.0259999999999998
5400,10,0.0039999999999995595,0.009000000000000341
5900,20,0.004999999999999893,0.017999999999999794
5900,10,0.004000000000000448,0.009999999999999787
5600,10,0.0030000000000001137,0.009999999999999787
5700,10,0.0030000000000001137,0.009999999999999787
5700,40,0.009999999999999787,0.03300000000000036
6000,20,0.006000000000000227,0.017999999999999794
5600,50,0.010999999999999233,0.040000000000000036
5800,10,0.0039999999999995595,0.009000000000000341
5700,50,0.010999999999999233,0.040000000000000036
5800,20,0.005999999999999339,0.018000000000000682
5900,50,0.012000000000000455,0.041999999999999815
5200,30,0.006999999999999673,0.0259999999999998
6000,40,0.009999999999999787,0.03399999999999981
5800,40,0.008999999999999453,0.03300000000000036
5600,20,0.004999999999999893,0.016000000000000014
5600,30,0.006999999999999673,0.023000000000000576
6000,50,0.008999999999999453,0.03599999999999959
5900,40,0.008000000000000007,0.030999999999999694
6000,10,0.0030000000000001137,0.009000000000000341
6100,20,0.008999999999999453,0.020999999999999908
6200,50,0.014000000000000234,0.04800000000000004
6100,30,0.009000000000000341,0.03200000000000003
6200,30,0.009000000000000341,0.03200000000000003
6200,10,0.004999999999999893,0.011999999999999567
6200,40,0.01100000000000012,0.04100000000000037
6300,10,0.004000000000000448,0.01100000000000012
6100,40,0.009999999999999787,0.040000000000000036
6200,20,0.006000000000000227,0.020999999999999908
6100,10,0.0039999999999995595,0.01100000000000012
6100,50,0.0129999999999999,0.04800000000000004
6500,40,0.012000000000000455,0.04300000000000015
6300,40,0.011999999999999567,0.04100000000000037
6300,20,0.006999999999999673,0.023000000000000576
6300,30,0.009999999999999787,0.03200000000000003
6600,30,0.009999999999999787,0.03399999999999981
6500,10,0.0039999999999995595,0.012000000000000455
6500,30,0.009000000000000341,0.032999999999999474
6500,50,0.015000000000000568,0.051000000000000156
6400,20,0.006000000000000227,0.02200000000000024
6600,50,0.014000000000000234,0.051000000000000156
6500,20,0.007000000000000561,0.022999999999999687
6300,50,0.013999999999999346,0.04999999999999982
6400,40,0.010999999999999233,0.04100000000000037
6600,10,0.004000000000000448,0.011999999999999567
6400,50,0.014000000000000234,0.04800000000000004
6400,30,0.009000000000000341,0.03200000000000003
6600,20,0.006999999999999673,0.02200000000000024
6700,10,0.004999999999999893,0.01100000000000012
6600,40,0.012000000000000455,0.04300000000000015
6700,30,0.008999999999999453,0.030999999999999694
6700,50,0.014000000000000234,0.051000000000000156
6400,10,0.004000000000000448,0.011999999999999567
6700,20,0.006999999999999673,0.02200000000000024
6700,40,0.012000000000000455,0.04099999999999948
6800,40,0.0129999999999999,0.04300000000000015
6800,10,0.004000000000000448,0.011999999999999567
6800,30,0.009000000000000341,0.03200000000000003
6900,50,0.0129999999999999,0.0519999999999996
6800,20,0.007000000000000561,0.020999999999999908
6800,50,0.0129999999999999,0.0470000000000006
6900,10,0.0039999999999995595,0.01100000000000012
6900,40,0.01100000000000012,0.04100000000000037
7000,40,0.012000000000000455,0.04099999999999948
7000,20,0.006000000000000227,0.021999999999999353
6900,20,0.005999999999999339,0.021000000000000796
6900,30,0.009000000000000341,0.030999999999999694
7000,50,0.0129999999999999,0.04699999999999971
7000,30,0.009000000000000341,0.030999999999999694
7000,10,0.004000000000000448,0.011999999999999567
7100,30,0.010000000000000675,0.03599999999999959
7400,10,0.004999999999999893,0.013999999999999346
7200,30,0.009999999999999787,0.03699999999999992
7200,20,0.007000000000000561,0.025000000000000355
7200,40,0.0129999999999999,0.0470000000000006
7500,30,0.009999999999999787,0.0389999999999997
7500,20,0.008000000000000007,0.0259999999999998
7400,40,0.014000000000000234,0.04999999999999982
7700,20,0.008000000000000007,0.0259999999999998
7300,50,0.016000000000000014,0.055000000000000604
7100,40,0.014000000000000234,0.04699999999999971
7700,30,0.009999999999999787,0.03699999999999992
7800,20,0.008000000000000007,0.025000000000000355
7600,30,0.010999999999999233,0.036000000000000476
7600,20,0.008000000000000007,0.02400000000000002
7300,30,0.01100000000000012,0.038000000000000256
7300,40,0.014000000000000234,0.04999999999999982
7200,50,0.017000000000000348,0.05800000000000072
7900,30,0.009999999999999787,0.036000000000000476
8000,20,0.006999999999999673,0.022999999999999687
8000,40,0.0129999999999999,0.04600000000000026
7100,50,0.0129999999999999,0.05000000000000071
7100,10,0.005999999999999339,0.015000000000000568
7800,40,0.016000000000000014,0.0519999999999996
7400,30,0.010000000000000675,0.038000000000000256
7900,20,0.006999999999999673,0.025000000000000355
7400,50,0.020999999999999908,0.05600000000000005
7700,10,0.006000000000000227,0.015000000000000568
7600,40,0.013999999999999346,0.052999999999999936
7100,20,0.009000000000000341,0.0259999999999998
7600,10,0.004999999999999893,0.014000000000000234
7700,40,0.015000000000000568,0.0519999999999996
7800,10,0.008999999999999453,0.017000000000000348
7900,50,0.01699999999999946,0.06299999999999972
7900,40,0.014000000000000234,0.04999999999999982
7500,10,0.004000000000000448,0.0129999999999999
7500,40,0.01499999999999968,0.043999999999999595
7700,50,0.020999999999999908,0.058999999999999275
7800,30,0.009999999999999787,0.036000000000000476
7600,50,0.015000000000000568,0.052999999999999936
7300,20,0.007000000000000561,0.02200000000000024
7200,10,0.0039999999999995595,0.012000000000000455
7300,10,0.0039999999999995595,0.01100000000000012
7500,50,0.0129999999999999,0.04900000000000038
7400,20,0.006000000000000227,0.021000000000000796
7800,50,0.016000000000000014,0.04999999999999982
8000,50,0.014999999999998792,0.051000000000000156
7900,10,0.006000000000000227,0.012000000000000455
8000,30,0.010999999999999233,0.030999999999998806
8000,10,0.0039999999999995595,0.011000000000001009
8100,40,0.015000000000000568,0.052999999999999936
8100,20,0.008000000000000007,0.028999999999999915
8100,10,0.004999999999999893,0.01499999999999968
8100,30,0.011999999999999567,0.04100000000000037
8100,50,0.01699999999999946,0.06300000000000061
8200,40,0.01499999999999968,0.05400000000000027
8200,10,0.005999999999999339,0.016000000000000014
8300,20,0.008000000000000007,0.028999999999999915
8200,30,0.01100000000000012,0.03799999999999937
8300,50,0.017999999999999794,0.06400000000000006
8200,50,0.025000000000000355,0.09000000000000075
8200,20,0.012000000000000455,0.03900000000000059
8300,10,0.004999999999999893,0.015000000000000568
8300,30,0.011999999999999567,0.041999999999999815
8400,30,0.011999999999999567,0.04300000000000015
8400,40,0.01499999999999968,0.0519999999999996
8500,20,0.008000000000000007,0.027000000000000135
8400,50,0.019000000000000128,0.06599999999999984
8400,10,0.004999999999999893,0.014000000000000234
8300,40,0.016000000000000014,0.05399999999999938
8500,50,0.018000000000000682,0.05999999999999961
8500,30,0.015000000000000568,0.04300000000000015
8500,10,0.006000000000000227,0.01499999999999968
8500,40,0.01499999999999968,0.05600000000000005
8600,10,0.004999999999999893,0.0129999999999999
8400,20,0.008999999999999453,0.028999999999999915
8700,50,0.016000000000000014,0.05800000000000072
8600,40,0.01499999999999968,0.057000000000000384
8800,10,0.004999999999999893,0.014000000000000234
8700,20,0.008000000000000007,0.0259999999999998
8800,50,0.016000000000000014,0.06099999999999994
8600,30,0.012000000000000455,0.041999999999999815
8600,20,0.009000000000000341,0.02800000000000047
8700,30,0.011000000000001009,0.0389999999999997
8700,10,0.005000000000000782,0.014999999999998792
8700,40,0.014000000000001123,0.0519999999999996
8800,20,0.007999999999999119,0.02800000000000047
9000,30,0.010999999999999233,0.03999999999999915
8800,30,0.010999999999999233,0.041999999999999815
9000,40,0.013999999999999346,0.051000000000000156
8900,20,0.009000000000000341,0.02800000000000047
8800,40,0.014000000000001123,0.05299999999999905
8900,30,0.012000000000000455,0.04100000000000037
8900,10,0.005000000000000782,0.014999999999998792
8900,50,0.019999999999999574,0.06199999999999939
8900,40,0.013999999999999346,0.054999999999999716
9000,50,0.018000000000000682,0.06300000000000061
9000,10,0.006999999999999673,0.015000000000000568
8600,50,0.017999999999998906,0.0519999999999996
9000,20,0.006999999999999673,0.02800000000000047
9100,10,0.006000000000000227,0.017000000000001236
9100,20,0.009999999999999787,0.03200000000000003
9100,40,0.01699999999999946,0.06099999999999994
9100,50,0.02099999999999902,0.07099999999999973
9200,40,0.017999999999998906,0.06099999999999994
9100,30,0.0129999999999999,0.045999999999999375
9200,10,0.006000000000000227,0.01699999999999946
9300,40,0.01699999999999946,0.0600000000000005
9300,30,0.0129999999999999,0.045999999999999375
9200,30,0.015000000000000568,0.0470000000000006
9300,50,0.021000000000000796,0.07199999999999918
9400,10,0.006999999999999673,0.017000000000001236
9600,10,0.006000000000000227,0.01699999999999946
9600,30,0.0129999999999999,0.04499999999999993
9300,20,0.009999999999999787,0.03300000000000125
9500,30,0.012000000000000455,0.04499999999999993
9300,10,0.006999999999999673,0.018000000000000682
9500,50,0.02099999999999902,0.07499999999999929
9700,30,0.014000000000001123,0.04299999999999926
9800,30,0.0129999999999999,0.04299999999999926
9200,50,0.019000000000000128,0.0710000000000015
9600,20,0.009999999999999787,0.03300000000000125
9400,40,0.01699999999999946,0.06100000000000172
9600,50,0.019999999999999574,0.07500000000000107
9400,20,0.009999999999999787,0.032999999999999474
9500,40,0.01699999999999946,0.06199999999999939
9800,40,0.016000000000000014,0.058000000000001606
9900,50,0.019999999999999574,0.07000000000000028
9400,30,0.013999999999999346,0.0470000000000006
10000,20,0.009000000000000341,0.030000000000001137
9900,20,0.009000000000000341,0.03399999999999892
10000,10,0.006000000000000227,0.016000000000000014
9700,40,0.019000000000000128,0.06099999999999994
9700,20,0.012000000000000455,0.03200000000000003
9500,10,0.006000000000000227,0.015000000000000568
9600,40,0.01699999999999946,0.054999999999999716
9800,20,0.010999999999999233,0.030999999999998806
9800,50,0.01899999999999835,0.0710000000000015
9900,10,0.006000000000000227,0.016000000000000014
9900,40,0.016000000000000014,0.05799999999999983
9900,30,0.0129999999999999,0.04499999999999993
9700,50,0.018000000000000682,0.06700000000000017
10000,40,0.016000000000000014,0.05799999999999983
9200,20,0.010000000000001563,0.026999999999999247
9800,10,0.006000000000000227,0.015000000000000568
9400,50,0.02000000000000135,0.06299999999999883
10000,30,0.016000000000000014,0.040000000000000924
10000,50,0.019000000000000128,0.06400000000000006
9700,10,0.004999999999999005,0.014000000000001123
9500,20,0.006999999999999673,0.025000000000000355
1400,10,9.999999999998899e-4,0.0020000000000000018
1100,30,0.0020000000000000018,0.006000000000000005
1500,50,0.0040000000000000036,0.01200000000000001
1400,40,0.0029999999999998916,0.008999999999999897
1100,20,0.001000000000000112,0.0040000000000000036
1500,10,0.0020000000000000018,0.0029999999999998916
1100,50,0.0030000000000001137,0.008999999999999897
1300,20,0.001000000000000112,0.0050000000000001155
1100,40,0.0029999999999998916,0.008000000000000007
1300,10,9.999999999998899e-4,0.0030000000000001137
1500,20,0.0020000000000000018,0.006000000000000005
1400,50,0.0040000000000000036,0.01100000000000012
1300,40,0.0029999999999998916,0.008999999999999897
1400,20,0.0029999999999998916,0.006000000000000005
1500,40,0.0040000000000000036,0.010999999999999899
1200,10,0.0020000000000000018,0.0019999999999997797
1100,10,0.001000000000000112,0.0029999999999998916
1700,30,0.0020000000000000018,0.008000000000000007
1500,30,0.0029999999999998916,0.009000000000000119
1600,10,0.0020000000000000018,0.0030000000000001137
1200,30,0.0020000000000000018,0.006999999999999895
1700,10,0.0020000000000000018,0.0030000000000001137
1200,50,0.0030000000000001137,0.010000000000000009
1400,30,0.0020000000000000018,0.008000000000000007
1600,30,0.0029999999999998916,0.008000000000000007
1900,10,0.001000000000000112,0.0040000000000000036
2000,40,0.0040000000000000036,0.01200000000000001
1200,20,0.0020000000000000018,0.0040000000000000036
1800,50,0.0040000000000000036,0.0129999999999999
2000,20,0.0020000000000000018,0.006999999999999895
1300,30,0.0020000000000000018,0.006999999999999895
2000,50,0.004999999999999893,0.015000000000000124
1800,10,0.0020000000000000018,0.0040000000000000036
1800,40,0.0030000000000001137,0.01100000000000012
1800,30,0.0029999999999998916,0.009000000000000119
1600,50,0.0040000000000000036,0.01200000000000001
1900,20,0.0020000000000000018,0.006000000000000005
1900,50,0.0040000000000000036,0.014000000000000012
1900,30,0.0029999999999998916,0.009000000000000119
1700,50,0.0030000000000001137,0.01200000000000001
2000,10,0.001000000000000112,0.0030000000000001137
1200,40,0.0020000000000000018,0.008000000000000007
2000,30,0.0039999999999997815,0.010000000000000009
1300,50,0.0030000000000001137,0.010000000000000009
1700,20,0.0020000000000000018,0.006000000000000005
1600,20,0.0020000000000000018,0.0040000000000000036
1600,40,0.0029999999999998916,0.009000000000000119
1800,20,0.0020000000000000018,0.004999999999999893
1700,40,0.0029999999999998916,0.009000000000000119
1900,40,0.0029999999999998916,0.010000000000000009
10100,40,0.017999999999998906,0.06800000000000139
10200,30,0.013999999999999346,0.053000000000000824
10200,10,0.006999999999999673,0.019000000000000128
10200,20,0.010999999999999233,0.03599999999999959
10400,40,0.019000000000000128,0.06700000000000017
10300,30,0.015000000000000568,0.05299999999999905
10200,40,0.019000000000000128,0.06900000000000084
10500,20,0.011000000000001009,0.03599999999999959
10100,10,0.006000000000000227,0.018000000000000682
10100,20,0.009999999999999787,0.034000000000000696
10500,40,0.018000000000000682,0.06700000000000017
10300,10,0.006999999999999673,0.019999999999999574
10500,30,0.017999999999998906,0.051000000000000156
10400,10,0.006999999999999673,0.019000000000000128
10600,50,0.0259999999999998,0.07900000000000063
10400,50,0.023999999999999133,0.08500000000000085
10300,50,0.02200000000000024,0.08399999999999963
10600,10,0.006999999999999673,0.019000000000000128
10600,30,0.014000000000001123,0.0519999999999996
10600,40,0.018000000000000682,0.06700000000000017
10400,30,0.015000000000000568,0.053000000000000824
10400,20,0.011000000000001009,0.03599999999999959
10700,10,0.008000000000000895,0.017999999999998906
10700,20,0.013000000000001677,0.032999999999999474
10800,30,0.016000000000000014,0.049000000000001265
10800,40,0.019000000000000128,0.0649999999999995
10800,20,0.0129999999999999,0.038000000000000256
10900,20,0.009999999999999787,0.032999999999999474
10900,30,0.014000000000001123,0.049999999999998934
10100,50,0.021999999999998465,0.07600000000000051
10100,30,0.02400000000000091,0.05099999999999838
11000,20,0.010000000000001563,0.03399999999999892
10900,50,0.019999999999999574,0.07500000000000107
10700,40,0.021000000000000796,0.06400000000000006
10300,20,0.010999999999999233,0.03200000000000003
10600,20,0.009999999999999787,0.036000000000001364
10500,10,0.006000000000000227,0.016000000000000014
10300,40,0.017999999999998906,0.062000000000001165
10800,10,0.006000000000000227,0.017999999999998906
10700,50,0.02099999999999902,0.07699999999999996
10500,50,0.021000000000000796,0.07599999999999874
10700,30,0.013999999999999346,0.0470000000000006
10900,40,0.01699999999999946,0.06300000000000061
10900,10,0.006000000000000227,0.018000000000000682
11000,40,0.019000000000000128,0.05799999999999983
11000,10,0.006000000000000227,0.019000000000000128
10800,50,0.019000000000000128,0.06999999999999851
10200,50,0.017999999999998906,0.06300000000000061
11000,50,0.017999999999998906,0.07000000000000028
11000,30,0.013000000000001677,0.045000000000001705
11200,10,0.009000000000000341,0.022999999999999687
11200,40,0.02200000000000024,0.0779999999999994
11200,20,0.0129999999999999,0.04100000000000037
11200,30,0.017000000000001236,0.058999999999999275
11100,10,0.006999999999999673,0.019999999999999574
11100,50,0.022999999999999687,0.08799999999999919
11100,40,0.019000000000000128,0.07200000000000095
11100,20,0.010999999999999233,0.0389999999999997
11100,30,0.016000000000000014,0.05600000000000094
11300,10,0.008000000000000895,0.02099999999999902
11300,30,0.01699999999999946,0.0600000000000005
11300,20,0.012000000000000455,0.036999999999999034
11400,30,0.015000000000000568,0.054999999999999716
11400,20,0.012000000000000455,0.04100000000000037
11400,50,0.023999999999999133,0.09100000000000108
11300,50,0.022999999999999687,0.08399999999999963
11300,40,0.019000000000000128,0.07099999999999973
11500,50,0.022999999999999687,0.08699999999999974
11200,50,0.022999999999999687,0.08399999999999963
11400,40,0.021000000000000796,0.0779999999999994
11400,10,0.007999999999999119,0.021000000000000796
11500,10,0.008000000000000895,0.02099999999999902
11600,10,0.006999999999999673,0.02200000000000024
11500,30,0.01699999999999946,0.06099999999999994
11700,50,0.022999999999999687,0.08699999999999974
11600,20,0.011999999999998678,0.03700000000000081
11600,40,0.019000000000000128,0.06799999999999962
11600,50,0.022999999999999687,0.08200000000000074
11500,40,0.019000000000000128,0.07000000000000028
11500,20,0.016000000000000014,0.04800000000000004
11700,20,0.011000000000001009,0.03599999999999959
11600,30,0.014999999999998792,0.053000000000000824
11700,30,0.015000000000000568,0.053999999999998494
11800,40,0.018000000000000682,0.0669999999999984
11700,10,0.006999999999999673,0.017999999999998906
11800,20,0.009999999999999787,0.03500000000000014
11800,10,0.006999999999999673,0.019000000000000128
11700,40,0.019000000000000128,0.06899999999999906
12000,30,0.015000000000000568,0.05400000000000027
12000,10,0.006999999999999673,0.019999999999999574
11900,30,0.013999999999999346,0.05299999999999905
12000,40,0.019000000000000128,0.06700000000000017
12000,20,0.011000000000002785,0.03900000000000148
11800,30,0.015000000000000568,0.054000000000002046
11900,50,0.022000000000002018,0.08200000000000074
11800,50,0.022000000000002018,0.08699999999999974
12000,50,0.022999999999999687,0.08299999999999841
11900,40,0.01799999999999713,0.06700000000000017
11900,10,0.0070000000000014495,0.021999999999998465
11900,20,0.011000000000002785,0.03500000000000014
12100,40,0.06100000000000705,0.11800000000000921
12300,10,0.010000000000005116,0.03299999999998704
12200,20,0.04099999999999682,0.6430000000000007
12300,30,0.15000000000000568,0.4159999999999968
12200,40,0.16499999999999204,0.625
12400,10,0.009999999999990905,0.027000000000001023
12100,10,0.13599999999999568,0.8559999999999945
12200,10,0.06399999999999295,0.21999999999999886
12300,50,0.05999999999998806,0.3430000000000035
12600,30,0.0870000000000033,0.3850000000000051
12500,30,0.036000000000001364,0.20300000000000296
12400,20,0.04599999999999227,0.5049999999999955
12700,50,0.10999999999999943,0.1389999999999958
13000,10,0.04599999999999227,0.030000000000001137
12200,50,0.04399999999999693,0.10299999999999443
12300,20,0.022999999999996135,0.06499999999999773
12400,50,0.5529999999999973,1.3299999999999983
12100,20,0.021000000000000796,0.04800000000000182
12500,10,0.5649999999999977,1.0210000000000008
13000,40,0.04099999999999682,0.10400000000001342
12600,40,0.2049999999999983,0.3329999999999984
12500,50,0.8559999999999945,1.3419999999999987
12100,50,0.030000000000001137,0.10899999999999466
12300,40,0.047000000000011255,0.10099999999999909
12100,30,0.025000000000005684,0.06799999999999784
12700,20,0.033999999999991815,0.05999999999998806
12900,10,0.016000000000005343,0.03300000000000125
12800,10,0.012000000000000455,0.02599999999999625
12600,10,0.01100000000000989,0.022999999999996135
12400,30,0.027000000000001023,0.0589999999999975
12200,30,0.018000000000000682,0.0589999999999975
12500,40,0.054000000000002046,0.0799999999999983
12400,40,0.021000000000000796,0.07499999999998863
12700,40,0.0379999999999967,0.07800000000000296
12800,20,0.03200000000001069,0.047000000000011255
12700,10,0.00899999999998613,0.02400000000000091
13000,50,0.03700000000000614,0.09599999999998943
12500,20,0.01300000000000523,0.03999999999999204
12900,30,0.03299999999998704,0.06199999999999761
12600,50,0.02599999999999625,0.09100000000000819
12900,20,0.028999999999996362,0.04600000000000648
12700,30,0.0239999999999867,0.06100000000000705
12800,40,0.027000000000001023,0.077999999999988745
12900,50,0.034000000000006025,0.09499999999999886
12600,20,0.013999999999995794,0.04099999999999682
12900,40,0.02599999999999625,0.07699999999999818
12800,30,0.02599999999999625,0.06100000000000705
12800,50,0.02400000000000091,0.0799999999999983
13000,20,0.01099999999999568,0.0379999999999967
13000,30,0.01999999999999602,0.055999999999997385
13600,50,0.09399999999999409,0.9189999999999969
13100,50,0.0519999999999925,0.4899999999999949
13600,20,0.0379999999999967,0.4510000000000076
13500,10,0.016000000000005343,0.04800000000000182
13300,20,0.03100000000000591,0.06300000000000239
13300,30,0.030000000000001137,0.08500000000000796
13700,30,0.04200000000000159,0.09099999999999397
13900,30,0.031999999999996476,0.08500000000000796
13700,50,0.04000000000000625,0.1280000000000001
13400,20,0.02200000000000557,0.06399999999999295
14000,20,0.025000000000005684,0.06300000000000239
13800,10,0.016000000000005343,0.04600000000000648
13700,20,0.020000000000010232,0.05100000000000193
13700,10,0.009000000000000341,0.03200000000001069
13500,20,0.018000000000000682,0.05000000000001137
13500,40,0.025000000000005684,0.09199999999999875
14000,50,0.03100000000000591,0.12199999999999989
14000,10,0.009000000000000341,0.025000000000005684
14000,40,0.0309999999999917,0.09799999999999898
13800,30,0.02200000000000557,0.06699999999999307
13900,40,0.0309999999999917,0.09700000000000841
13500,30,0.01999999999999602,0.07500000000000284
13100,30,0.023000000000010346,0.06300000000000239
13800,50,0.03100000000000591,0.0969999999999942
13300,40,0.027999999999991587,0.08500000000000796
13800,40,0.031999999999996476,0.10099999999999909
13700,40,0.024999999999991473,0.08200000000000784
13300,10,0.009999999999990905,0.025000000000005684
13800,20,0.015000000000000568,0.055999999999997385
13100,40,0.02599999999999625,0.08599999999999852
13200,50,0.02599999999999625,0.09299999999998931
13400,40,0.02200000000000557,0.07699999999999818
13900,50,0.031999999999996476,0.0969999999999942
13600,10,0.009999999999990905,0.027000000000001023
13200,20,0.015999999999991132,0.046999999999997044
13600,30,0.01999999999999602,0.06900000000000261
14000,30,0.02199999999999136,0.07099999999999795
13400,30,0.016999999999995907,0.060000000000002274
13200,10,0.009000000000000341,0.024999999999991473
13500,50,0.027999999999991587,0.10000000000000853
13300,50,0.029000000000010573,0.09600000000000364
13900,20,0.014000000000010004,0.04899999999999238
13400,10,0.010000000000005116,0.02599999999999625
13100,20,0.013999999999995794,0.045000000000001705
13400,50,0.030000000000001137,0.09999999999999432
13200,40,0.022999999999996135,0.08199999999999363
13200,30,0.018000000000000682,0.06300000000000239
13600,40,0.02200000000000557,0.07800000000000296
13100,10,0.007999999999995566,0.02200000000000557
13900,10,0.009000000000000341,0.0239999999999867
14400,30,0.04200000000000159,0.09299999999998931
14400,40,0.04200000000000159,0.13899999999998158
14400,10,0.016999999999995907,0.051000000000016144
14400,50,0.043000000000006366,0.14799999999999613
14400,20,0.022999999999996135,0.06400000000002137
14100,20,0.016999999999995907,0.06299999999998818
14100,10,0.012000000000000455,0.03499999999999659
14200,50,0.03799999999998249,0.12100000000000932
14300,30,0.02400000000000091,0.08500000000000796
14100,50,0.03299999999998704,0.11700000000001864
14200,20,0.018000000000000682,0.05500000000000682
14300,50,0.034000000000020236,0.1209999999999809
14100,30,0.022999999999996135,0.07900000000000773
14200,40,0.028999999999996362,0.09800000000001319
14200,30,0.020999999999986585,0.07200000000000273
14500,40,0.026999999999986812,0.09999999999999432
14600,20,0.016999999999995907,0.05299999999999727
14200,10,0.009999999999990905,0.030000000000001137
14100,40,0.02600000000001046,0.09499999999999886
14300,10,0.01099999999999568,0.03100000000000591
14600,40,0.02400000000000091,0.08899999999999864
14300,20,0.018000000000000682,0.05699999999998795
14500,20,0.013999999999981583,0.049000000000006594
14500,30,0.022999999999996135,0.06999999999999318
14600,30,0.021000000000015007,0.0689999999999884
14800,30,0.019000000000005457,0.0689999999999884
14700,20,0.01300000000000523,0.04599999999999227
14300,40,0.022999999999996135,0.08200000000002206
14600,10,0.00899999999998613,0.027999999999991587
14700,10,0.00899999999998613,0.027999999999991587
14600,50,0.030000000000001137,0.09800000000001319
14700,50,0.027999999999991587,0.09900000000001796
14700,30,0.018000000000000682,0.06499999999999773
14500,10,0.009000000000014552,0.027999999999991587
14800,10,0.019000000000005457,0.033999999999991815
15000,20,0.014999999999986358,0.04800000000000182
14500,50,0.028999999999996362,0.10200000000000387
14900,20,0.014000000000010004,0.044999999999987494
14900,50,0.027000000000015234,0.10099999999999909
14900,10,0.012000000000000455,0.03299999999998704
14800,20,0.013999999999981583,0.04400000000001114
14700,40,0.022999999999996135,0.08400000000000318
15000,30,0.020999999999986585,0.07200000000000273
15000,40,0.022999999999996135,0.08700000000001751
14900,40,0.024999999999977263,0.08500000000000796
15000,10,0.012000000000000455,0.03300000000001546
14800,50,0.03100000000000591,0.11899999999999977
15000,50,0.028999999999996362,0.10499999999998977
14900,30,0.021000000000015007,0.06799999999998363
14800,40,0.025000000000005684,0.08899999999999864
15200,40,0.05699999999998795,0.1150000000000091
15400,10,0.03200000000001069,0.06299999999998818
15200,50,0.060000000000002274,0.15800000000001546
15700,10,0.028999999999996362,0.06100000000003547
15700,40,0.04099999999999682,0.125
15100,10,0.016999999999995907,0.05200000000002092
15100,40,0.04899999999997817,0.11000000000001364
15100,30,0.04699999999996862,0.2939999999999827
16000,50,0.04800000000000182,0.5669999999999504
15500,40,0.03499999999996817,0.10700000000002774
15200,10,0.015000000000043201,0.04899999999997817
15300,30,0.03200000000003911,0.07999999999998408
15300,10,0.013000000000033651,0.04899999999997817
15400,50,0.036000000000001364,0.1190000000000282
16000,20,0.02600000000001046,0.06200000000001182
15200,30,0.027000000000043656,0.08299999999996999
15100,50,0.03300000000001546,0.11199999999996635
16000,10,0.010999999999967258,0.03300000000001546
15400,30,0.029999999999972715,0.07999999999998408
15200,20,0.033999999999991815,0.06400000000002137
15100,20,0.019000000000005457,0.05600000000004002
15600,20,0.014000000000010004,0.051000000000044565
15600,40,0.025000000000034106,0.09499999999997044
15600,50,0.03299999999995862,0.11000000000001364
15600,10,0.008999999999957708,0.029999999999972715
15300,20,0.016999999999995907,0.05500000000000682
15400,40,0.02400000000000091,0.09099999999995134
15300,40,0.028999999999996362,0.09399999999999409
15300,50,0.03100000000000591,0.11299999999999955
15500,20,0.020000000000038654,0.05099999999998772
15800,40,0.024999999999977263,0.08999999999997499
15400,20,0.016999999999995907,0.05099999999998772
15700,30,0.02199999999999136,0.07299999999997908
15800,20,0.019000000000005457,0.05200000000002092
15500,50,0.031999999999982265,0.10600000000005139
15800,50,0.03000000000002956,0.10800000000000409
15500,30,0.02400000000000091,0.07300000000003593
15900,40,0.026999999999986812,0.09300000000001774
15800,10,0.008999999999957708,0.03000000000002956
15900,10,0.009999999999990905,0.031999999999982265
15700,20,0.016000000000019554,0.05000000000001137
15800,30,0.021000000000015007,0.07299999999997908
15600,30,0.022999999999967713,0.07200000000000273
15700,50,0.03000000000002956,0.1099999999999568
15900,30,0.020000000000038654,0.07099999999996953
15500,10,0.012999999999976808,0.03000000000002956
15900,50,0.031999999999982265,0.11400000000003274
16000,30,0.029999999999972715,0.07600000000002183
16000,40,0.031999999999982265,0.09500000000002728
15900,20,0.01599999999996271,0.04899999999997817
16600,30,0.04699999999996862,0.10900000000003729
16100,20,0.03300000000001546,0.06699999999995043
16100,30,0.04099999999999682,0.1560000000000059
16100,40,0.04899999999997817,0.1190000000000282
16100,10,0.029999999999972715,0.21500000000003183
16200,50,0.05000000000001137,0.13899999999995316
16200,30,0.04099999999999682,0.2740000000000009
16400,30,0.038000000000010914,0.11400000000003274
16200,10,0.015000000000043201,0.03699999999997772
16200,20,0.033999999999991815,0.10199999999997544
16400,50,0.040000000000020464,0.1269999999999527
16400,40,0.04499999999995907,0.117999999999995
16100,50,0.04600000000004911,0.12999999999999545
16400,10,0.014999999999986358,0.03699999999997772
16800,10,0.016999999999995907,0.03499999999996817
16400,20,0.027000000000043656,0.06899999999995998
16200,40,0.047000000000025466,0.117999999999995
16300,10,0.012000000000000455,0.03300000000001546
16300,40,0.028999999999996362,0.10500000000001819
16300,20,0.018000000000029104,0.055999999999983174
16300,30,0.03000000000002956,0.08399999999994634
16500,10,0.012000000000000455,0.033999999999991815
16500,50,0.038000000000010914,0.12400000000002365
16800,30,0.02400000000000091,0.07999999999998408
16500,40,0.03100000000000591,0.10500000000001819
16800,20,0.018000000000029104,0.05500000000000682
16800,50,0.040000000000020464,0.13599999999996726
16500,20,0.016999999999995907,0.05600000000004002
16600,50,0.03599999999994452,0.1220000000000141
16800,40,0.026999999999986812,0.09800000000001319
16600,10,0.02199999999999136,0.03000000000002956
16600,40,0.02800000000002001,0.09399999999999409
16600,20,0.018999999999948614,0.051000000000044565
16700,10,0.028999999999996362,0.028999999999996362
16700,30,0.02400000000000091,0.07300000000003593
16700,40,0.03100000000000591,0.08899999999999864
16500,30,0.021000000000015007,0.06999999999999318
16700,20,0.014999999999986358,0.04899999999997817
16700,50,0.029999999999972715,0.11000000000001364
16900,30,0.020000000000038654,0.07499999999998863
16300,50,0.03200000000003911,0.11199999999996635
16900,50,0.03200000000003911,0.1150000000000091
17000,10,0.009000000000014552,0.026999999999986812
16900,10,0.008999999999957708,0.02600000000001046
17000,50,0.028999999999996362,0.11099999999999
17000,20,0.016000000000019554,0.04899999999997817
16900,40,0.025000000000034106,0.09499999999997044
17000,40,0.02400000000000091,0.09299999999996089
16900,20,0.014000000000010004,0.049000000000035016
17000,30,0.019000000000005457,0.07200000000000273
17200,50,0.06900000000001683,0.15500000000002956
17100,10,0.031999999999982265,0.05099999999998772
17100,30,0.043000000000006366,0.10500000000001819
17600,20,0.04200000000003001,0.07299999999997908
17600,40,0.043000000000006366,0.1169999999999618
17200,20,0.028999999999996362,0.06999999999999318
17600,10,0.023000000000024556,0.038000000000010914
17200,40,0.051999999999964075,0.13700000000000045
17100,50,0.05000000000001137,0.1379999999999768
17200,10,0.019000000000005457,0.05200000000002092
17600,50,0.05500000000000682,0.15100000000001046
17300,10,0.024999999999977263,0.051999999999964075
17300,20,0.028999999999996362,0.06800000000004047
17400,40,0.04899999999997817,0.11299999999999955
17400,50,0.05600000000004002,0.1349999999999909
17100,40,0.03199999999992542,0.12000000000000455
17200,30,0.035000000000081855,0.09100000000000819
17700,50,0.06100000000003547,0.25499999999999545
17600,30,0.07100000000002638,0.1069999999999709
17400,30,0.03600000000005821,0.0989999999999327
17500,10,0.019000000000005457,0.03999999999996362
17500,40,0.03600000000005821,0.10599999999999454
17500,30,0.03600000000005821,0.09100000000000819
17100,20,0.019000000000005457,0.059000000000082764
17700,30,0.03199999999992542,0.18299999999999272
17400,10,0.03799999999989723,0.17099999999993543
17300,40,0.047000000000025466,0.11400000000003274
17700,40,0.03300000000001546,0.12599999999997635
18000,10,0.019000000000005457,0.033999999999991815
17900,10,0.014999999999986358,0.03499999999996817
17900,20,0.019000000000005457,0.05700000000001637
18000,40,0.038000000000010914,0.11799999999993815
17900,50,0.04200000000003001,0.1309999999999718
18000,50,0.03499999999996817,0.1150000000000091
17300,50,0.03899999999998727,0.1290000000000191
17400,20,0.018000000000029104,0.055000000000063665
17700,20,0.017999999999915417,0.053999999999973625
17800,50,0.03499999999996817,0.12199999999995725
17800,20,0.017999999999915417,0.05600000000004002
17900,30,0.024999999999977263,0.07999999999992724
17800,10,0.010999999999967258,0.027000000000043656
17900,40,0.03200000000003911,0.1069999999999709
17800,40,0.02800000000002001,0.09600000000000364
18000,20,0.019000000000005457,0.05600000000004002
18000,30,0.03199999999992542,0.07900000000006457
17800,30,0.023000000000024556,0.08299999999996999
17700,10,0.023000000000024556,0.03300000000001546
17300,30,0.023999999999887223,0.07400000000006912
17500,50,0.03899999999998727,0.11800000000005184
17500,20,0.01599999999996271,0.05299999999999727
18400,20,0.043000000000006366,0.10099999999999909
18400,40,0.05599999999992633,0.14999999999997726
18100,20,0.05099999999993088,0.2259999999999991
18200,20,0.043000000000006366,0.08300000000008367
18300,30,0.053999999999973625,0.11600000000009913
18500,40,0.05200000000002092,0.15399999999999636
18300,40,0.04899999999997817,0.15899999999999181
18600,20,0.031000000000062755,0.08499999999992269
18200,40,0.04600000000004911,0.1289999999999054
18200,50,0.051000000000044565,0.16599999999993997
18400,30,0.04200000000003001,0.1209999999999809
18200,30,0.03999999999996362,0.1069999999999709
18500,50,0.05499999999994998,0.15800000000001546
18300,50,0.06000000000005912,0.17499999999995453
18500,20,0.02800000000002001,0.07899999999995089
18900,30,0.044000000000096406,0.11899999999991451
18600,10,0.01700000000005275,0.04099999999993997
18800,10,0.019000000000005457,0.03300000000001546
18600,50,0.053999999999973625,0.16300000000001091
18500,30,0.038000000000010914,0.1129999999999427
18800,50,0.049999999999954525,0.15499999999997272
18700,30,0.04200000000003001,0.11499999999989541
18700,10,0.020999999999958163,0.03300000000001546
18900,20,0.03200000000003911,0.07899999999995089
18900,10,0.018000000000029104,0.03199999999992542
19000,30,0.033999999999991815,0.10300000000006548
19000,10,0.018000000000029104,0.029999999999972715
18100,10,0.01599999999996271,0.038000000000010914
18100,40,0.03499999999996817,0.10799999999994725
18100,30,0.03099999999994907,0.09000000000003183
18100,50,0.04600000000004911,0.13400000000001455
18400,10,0.01599999999996271,0.033999999999991815
18400,50,0.044000000000096406,0.13999999999998636
18200,10,0.014999999999986358,0.038000000000010914
18300,10,0.01599999999996271,0.03300000000001546
18300,20,0.024999999999977263,0.07200000000000273
18500,10,0.014999999999986358,0.03199999999992542
18600,30,0.028999999999996362,0.09000000000003183
18600,40,0.033999999999991815,0.11300000000005639
18700,50,0.04000000000007731,0.13199999999994816
18800,40,0.03300000000001546,0.11000000000001364
18700,40,0.0340000000001055,0.11099999999999
18800,30,0.029999999999972715,0.09199999999998454
18700,20,0.019000000000005457,0.06399999999996453
18800,20,0.018000000000029104,0.06200000000001182
18900,50,0.03799999999989723,0.12800000000004275
18900,40,0.04200000000003001,0.11400000000003274
19000,20,0.02100000000007185,0.060999999999921783
19000,40,0.026000000000067303,0.10599999999999454
19000,50,0.047000000000025466,0.12400000000002365
19200,10,0.04900000000009186,0.04200000000003001
19200,30,0.059000000000082764,0.13400000000001455
19200,20,0.04800000000000182,0.10099999999999909
19100,40,0.06799999999998363,0.15800000000012915
19100,30,0.052000000000134605,0.125
19100,10,0.041999999999916326,0.035000000000081855
19100,50,0.06999999999993634,0.36599999999998545
19300,30,0.052000000000134605,0.12599999999997635
19500,40,3.0879999999999654,0.5550000000000637
19300,50,2.93100000000004,0.7660000000000764
20000,10,0.15800000000012915,0.0649999999998272
19400,40,1.1949999999999363,0.26799999999980173
19900,20,0.22199999999998,0.12100000000009459
19800,20,0.25,0.1230000000000473
19800,10,0.19800000000009277,0.06700000000000728
19900,10,0.15599999999994907,0.05899999999996908
19800,30,0.24299999999993815,0.14400000000000546
19700,40,0.41399999999998727,0.1790000000000873
19300,10,0.33799999999996544,0.06400000000007822
19900,40,0.3710000000000946,0.1750000000001819
19900,30,0.24500000000011823,0.14599999999995816
19600,10,0.20800000000008367,0.06799999999998363
19400,10,0.19200000000000728,0.06300000000010186
19900,50,0.3789999999999054,0.19699999999988904
20000,30,0.21800000000007458,0.14599999999995816
19600,20,0.39800000000013824,0.13799999999991996
20000,20,0.17300000000000182,0.1150000000000091
19500,20,0.35400000000004184,0.1289999999999054
20000,40,0.3129999999998745,0.18000000000006366
19400,50,0.5619999999998981,0.22100000000000364
19700,10,0.1719999999997981,0.06700000000000728
19700,20,0.16300000000001091,0.10400000000004184
19600,30,0.24499999999989086,0.12999999999988177
19800,50,0.3550000000000182,0.18299999999999272
19600,50,0.43699999999989814,0.19099999999980355
19600,40,0.387000000000171,0.16600000000016735
19800,40,0.2699999999999818,0.1590000000001055
19700,30,0.3089999999999691,0.13199999999983447
19500,50,0.5419999999999163,0.19899999999984175
19700,50,0.3999999999998636,0.18299999999999272
19100,20,0.6030000000000655,0.125
19400,20,0.5519999999999072,0.1169999999999618
19500,10,0.1950000000001637,0.05600000000004002
19200,50,0.37599999999997635,0.17000000000007276
19500,30,0.4940000000001419,0.14599999999995816
20000,50,0.34799999999995634,0.17300000000000182
19400,30,0.52800000000002,0.1510000000000673
19300,40,0.4839999999999236,0.17599999999993088
19200,40,0.4880000000000564,0.16800000000012005
19300,20,0.37800000000015643,0.10799999999994725
