0.004,10,509.49346504070894,0.632955075858867,0.04469081666166367,orange
0.004,10,509.49346504070894,1.0228440679173345,-0.2731592802798207,orange
0.004,10,509.49346504070894,0.07553448976050112,-1.4361285118218685,blue
0.004,10,509.49346504070894,-0.313108743584049,-1.1167888351110795,blue
0.004,10,509.49346504070894,-0.7739951331208116,-0.10170150781012419,green
0.004,10,509.49346504070894,0.7780482825456502,-1.3626500977623777,green
0.004,10,509.49346504070894,-0.702201432165995,-0.8027293371896828,blue
0.004,10,509.49346504070894,-0.38456887805582146,-0.4158553030249955,green
0.004,10,509.49346504070894,0.5631639196279797,0.7466627582436137,red
0.004,10,509.49346504070894,-1.0895380700532842,-0.48905602456573416,blue
0.004,10,509.49346504070894,-0.07009032473636181,-0.027211130061549113,yellow
0.004,10,509.49346504070894,0.7060165376350317,-0.6593054607223158,yellow
0.004,10,509.49346504070894,1.4100925742485881,-0.5866334440452018,orange
0.004,10,509.49346504070894,1.0918753539203314,-0.9739945062232783,yellow
0.004,10,509.49346504070894,-0.14121234942501587,0.6768011282876008,orange
0.004,10,509.49346504070894,0.9491920355404234,0.4322448869267989,red
0.004,10,509.49346504070894,-0.4571305883637828,0.28886388034946836,yellow
0.004,10,509.49346504070894,0.0025947796602831096,-0.7308655469333433,green
0.004,10,509.49346504070894,0.317540600407193,-0.3425181598573808,yellow
0.004,10,509.49346504070894,0.17677908199050718,1.06407248313572,red
0.004,10,509.49346504070894,1.3375903512180134,0.11739744358975276,red
0.004,10,509.49346504070894,0.460785245399526,-1.7493939664018825,blue
0.004,10,509.49346504070894,0.24562241415289462,0.3621368067048549,orange
0.004,10,509.49346504070894,1.7236624189980942,-0.20150521557157117,red
0.004,10,509.49346504070894,0.3888216626712824,-1.0463827934429821,green
0.004,15,945.582020003608,-0.594202616830292,0.5172249258044962,orange
0.004,15,945.582020003608,-0.17208983748085585,0.7895680702433944,orange
0.004,15,945.582020003608,0.6423619043153499,-0.4717281236876943,blue
0.004,15,945.582020003608,0.2196062143420584,-0.7423627190037021,blue
0.004,15,945.582020003608,-0.8895978504555528,-0.8648829232337409,green
0.004,15,945.582020003608,0.78975018942087,0.22061067028623105,green
0.004,15,945.582020003608,-0.2003028202044672,-1.014101055846102,blue
0.004,15,945.582020003608,-0.469877984977134,-0.5927949301703355,green
0.004,15,945.582020003608,-1.2822908385570104,0.6679463646413306,red
0.004,15,945.582020003608,-0.6184789516949476,-1.2854335727068362,blue
0.004,15,945.582020003608,-0.7413645663369116,-0.17332458634135586,yellow
0.004,15,945.582020003608,0.09940896687187131,0.3686641787995656,yellow
0.004,15,945.582020003608,0.24851977246843163,1.0615751845758177,orange
0.004,15,945.582020003608,0.518273200744955,0.6399757974705261,yellow
0.004,15,945.582020003608,-1.4333945956259613,-0.02322469824763913,orange
0.004,15,945.582020003608,-0.8640816549631438,0.9378530880945942,red
0.004,15,945.582020003608,-1.1613006538374022,-0.4438878833749764,yellow
0.004,15,945.582020003608,-0.0493424092736768,-0.3216298217455095,green
0.004,15,945.582020003608,-0.32137086944042614,0.09856225464528025,yellow
0.004,15,945.582020003608,-1.702416125809037,0.3972558267125938,red
0.004,15,945.582020003608,-0.4441711080503778,1.2097692279974588,red
0.004,15,945.582020003608,1.0617944239448065,-0.19938195703033623,blue
0.004,15,945.582020003608,-1.0131009043855483,0.2470055292112498,orange
0.004,15,945.582020003608,-0.023006685617130793,1.4797544662797741,red
0.004,15,945.582020003608,0.3695829216887033,-0.0519771221051106,green
0.1,15,838.8913599350516,-0.4157709866606841,0.211842311013113,orange
0.1,15,838.8913599350516,0.006002139408517854,0.5761154601605812,orange
0.1,15,838.8913599350516,1.009344042937214,-0.5658487840347697,blue
0.1,15,838.8913599350516,0.5671202445650207,-0.8819081126805983,blue
0.1,15,838.8913599350516,-0.4445710169880186,-1.1634557801365644,green
0.1,15,838.8913599350516,1.0148471564760362,0.1585758472146773,green
0.1,15,838.8913599350516,0.20415759402979985,-1.2214964508909654,blue
0.1,15,838.8913599350516,-0.08696724422860128,-0.8158771517512149,green
0.1,15,838.8913599350516,-1.0408069529423278,0.31582442182687076,red
0.1,15,838.8913599350516,-0.12065144860621103,-1.5468210821424349,blue
0.1,15,838.8913599350516,-0.4195288728043248,-0.45981650532506,yellow
0.1,15,838.8913599350516,0.3414286833148939,0.18524484149699466,yellow
0.1,15,838.8913599350516,0.38576409216855534,0.926294635814392,orange
0.1,15,838.8913599350516,0.6809594448844964,0.5112510819384085,yellow
0.1,15,838.8913599350516,-1.1418781420142712,-0.3857664377509558,orange
0.1,15,838.8913599350516,-0.7094741869530895,0.6046382927453902,red
0.1,15,838.8913599350516,-0.7900545212999178,-0.770169477826265,yellow
0.1,15,838.8913599350516,0.2966289077528058,-0.48725438352799405,green
0.1,15,838.8913599350516,-0.05066326668313995,-0.11637545016546096,yellow
0.1,15,838.8913599350516,-1.415174493331718,-6.701866255849417e-4,red
0.1,15,838.8913599350516,-0.3416343715533905,0.948597339873906,red
0.1,15,838.8913599350516,1.3602112921374085,-0.20844791401086304,blue
0.1,15,838.8913599350516,-0.7587095997220076,-0.08134125065992807,orange
0.1,15,838.8913599350516,0.058971039263641445,1.2479576290364292,red
0.1,15,838.8913599350516,0.6449682140949444,-0.20474638526594557,green
0.02,15,919.7041940393534,0.22002594417312904,0.781886585010615,orange
0.02,15,919.7041940393534,0.7297052585776124,0.7437946520031562,orange
0.02,15,919.7041940393534,0.6206288858687614,-0.7561815585885349,blue
0.02,15,919.7041940393534,0.11445941326549283,-0.7092051618005654,blue
0.02,15,919.7041940393534,-0.8369135687360207,-0.1466433192459175,green
0.02,15,919.7041940393534,1.152293283458453,-0.2854114528006845,green
0.02,15,919.7041940393534,-0.3838482751523659,-0.6758385978312001,blue
0.02,15,919.7041940393534,-0.3378272398412942,-0.1780443740465937,green
0.02,15,919.7041940393534,-0.2234073256212835,1.3137881302455807,red
0.02,15,919.7041940393534,-0.8748446315040987,-0.6461013199487146,blue
0.02,15,919.7041940393534,-0.3050021690286285,0.3180742079654168,yellow
0.02,15,919.7041940393534,0.6921230000557581,0.24209935500987553,yellow
0.02,15,919.7041940393534,1.2315455214126887,0.7100674934417579,orange
0.02,15,919.7041940393534,1.1850142661427228,0.210304740705878,yellow
0.02,15,919.7041940393534,-0.7659519176613131,0.8591378266846739,orange
0.02,15,919.7041940393534,0.26313903581278447,1.2777161066435736,red
0.02,15,919.7041940393534,-0.8000431006104585,0.3562650500367706,yellow
0.02,15,919.7041940393534,0.16162230185586393,-0.21582383679278355,green
0.02,15,919.7041940393534,0.19462357308123807,0.28528580085376853,yellow
0.02,15,919.7041940393534,-0.7199756071414903,1.351610042367257,red
0.02,15,919.7041940393534,0.7620660160051036,1.2451890834911956,red
0.02,15,919.7041940393534,1.1195323466122475,-0.7854332014114375,blue
0.02,15,919.7041940393534,-0.27010957344912684,0.8186142966379191,orange
0.02,15,919.7041940393534,1.260606827702551,1.2009755124757593,red
0.02,15,919.7041940393534,0.6497838192779012,-0.25462083429347787,green
0.1,10,533.4613328468045,-0.21464983343291877,-0.45266116620646396,orange
0.1,10,533.4613328468045,0.3468652265849827,-0.5404900523642474,orange
0.1,10,533.4613328468045,0.5762033156620956,0.934290617819878,blue
0.1,10,533.4613328468045,0.0023431083238477425,0.9633927049691845,blue
0.1,10,533.4613328468045,-0.9953832436819524,0.7293475791148215,green
0.1,10,533.4613328468045,0.9510693987718476,0.3589393649808939,green
0.1,10,533.4613328468045,-0.47850207493556046,1.1017727750738844,blue
0.1,10,533.4613328468045,-0.5092629518968237,0.5891146847627263,green
0.1,10,533.4613328468045,-0.7158667462121356,-0.8834854753408067,red
0.1,10,533.4613328468045,-0.9223925011913833,1.2086822668893216,blue
0.1,10,533.4613328468045,-0.6237670817667459,0.10653648025173681,yellow
0.1,10,533.4613328468045,0.38309619578460735,-0.05091932567329006,yellow
0.1,10,533.4613328468045,0.7958405814426628,-0.6408817194278335,orange
0.1,10,533.4613328468045,0.8212530458784407,-0.10877918049406093,yellow
0.1,10,533.4613328468045,-1.1870907115380074,-0.332328937295477,orange
0.1,10,533.4613328468045,-0.28007691679539864,-0.949253566959148,red
0.1,10,533.4613328468045,-1.10983551854848,0.16651717635546448,yellow
0.1,10,533.4613328468045,-0.039499703626051166,0.5098541604873461,green
0.1,10,533.4613328468045,-0.14125375211750463,0.023786617652866125,yellow
0.1,10,533.4613328468045,-1.2217088992597493,-0.8505899374430936,red
0.1,10,533.4613328468045,0.20579370410850464,-1.0561843665814343,red
0.1,10,533.4613328468045,0.9826068935632047,0.864296166251833,blue
0.1,10,533.4613328468045,-0.7287754911922071,-0.41060859700350266,orange
0.1,10,533.4613328468045,0.7267756285745882,-1.0425902248939256,red
0.1,10,533.4613328468045,0.4169741562203771,0.4659491661913708,green
0.004,25,1109.2438805431061,-0.2196375744948041,-1.2890491781248334,orange
0.004,25,1109.2438805431061,-0.580959285281076,-0.9401413651971159,orange
0.004,25,1109.2438805431061,0.46079940722942425,0.1399364987526301,blue
0.004,25,1109.2438805431061,0.8215869290073601,-0.20958671817994073,blue
0.004,25,1109.2438805431061,1.1930548459456183,-1.2622201263036603,green
0.004,25,1109.2438805431061,-0.2457595985200789,0.1260062748441847,green
0.004,25,1109.2438805431061,1.1821233523968941,-0.556797211150653,blue
0.004,25,1109.2438805431061,0.8327563630044703,-0.915402281089945,green
0.004,25,1109.2438805431061,-0.20961260286072253,-1.9935350677745458,red
0.004,25,1109.2438805431061,1.5411956177109902,-0.9023319128993514,blue
0.004,25,1109.2438805431061,0.4862665799332314,-1.275158812686766,yellow
0.004,25,1109.2438805431061,-0.23289937197368546,-0.579925950924375,yellow
0.004,25,1109.2438805431061,-0.9415094600395146,-0.592533865532474,orange
0.004,25,1109.2438805431061,-0.5924585753167546,-0.23386595603147958,yellow
0.004,25,1109.2438805431061,0.49768714011561777,-1.9831279124066663,orange
0.004,25,1109.2438805431061,-0.567586955783884,-1.647602454848117,red
0.004,25,1109.2438805431061,0.8455194956136027,-1.6225025335265224,yellow
0.004,25,1109.2438805431061,0.4730241203607261,-0.5678054275193324,green
0.004,25,1109.2438805431061,0.12673678705534402,-0.9273430895756527,yellow
0.004,25,1109.2438805431061,0.1497227352448569,-2.3409455827829295,red
0.004,25,1109.2438805431061,-0.9276088103548128,-1.3002096565582737,red
0.004,25,1109.2438805431061,0.10262802611685042,0.4859574359409013,blue
0.004,25,1109.2438805431061,0.13887890086706528,-1.6357323200577332,orange
0.004,25,1109.2438805431061,-1.2870655027519662,-0.9525079339368049,red
0.004,25,1109.2438805431061,0.11465743166083062,-0.22054606636662347,green
0.02,25,1077.6220445389918,-0.14740156881845384,-1.206743079486328,orange
0.02,25,1077.6220445389918,-0.4933465385196452,-0.8301803878556393,orange
0.02,25,1077.6220445389918,0.6094448536522258,0.18976831840254216,blue
0.02,25,1077.6220445389918,0.9525468259570555,-0.18952108339102558,blue
0.02,25,1077.6220445389918,1.2590168953208052,-1.2548210941259563,green
0.02,25,1077.6220445389918,-0.09484318903366971,0.21126363949760904,green
0.02,25,1077.6220445389918,1.295301436898428,-0.5571833028145704,blue
0.02,25,1077.6220445389918,0.9175646971175885,-0.8894506211355443,green
0.02,25,1077.6220445389918,-0.1877102717492734,-1.8992464463751206,red
0.02,25,1077.6220445389918,1.6308865781032302,-0.9159740668040784,blue
0.02,25,1077.6220445389918,0.5538235672749686,-1.228374314049447,yellow
0.02,25,1077.6220445389918,-0.12192718804625982,-0.48968497533536814,yellow
0.02,25,1077.6220445389918,-0.8359633361256809,-0.4609923951150612,orange
0.02,25,1077.6220445389918,-0.45941064718712654,-0.12810158429166046,yellow
0.02,25,1077.6220445389918,0.5194951855180132,-1.9390554217370803,orange
0.02,25,1077.6220445389918,-0.5179525913777889,-1.5392202036177793,red
0.02,25,1077.6220445389918,0.8901763614790885,-1.596012266465592,yellow
0.02,25,1077.6220445389918,0.5789347489840158,-0.5199437213563903,green
0.02,25,1077.6220445389918,0.21642143973689346,-0.8583020375123473,yellow
0.02,25,1077.6220445389918,0.1479919227573125,-2.267710530774169,red
0.02,25,1077.6220445389918,-0.8579203595723046,-1.1709072532256626,red
0.02,25,1077.6220445389918,0.2786241819099045,0.5504479081703554,blue
0.02,25,1077.6220445389918,0.18541358272557334,-1.5709085021625024,orange
0.02,25,1077.6220445389918,-1.1948712502767063,-0.8009085129944992,red
0.02,25,1077.6220445389918,0.2473050908095362,-0.15283664181975729,green
0.5,15,731.8864252007122,0.011973891381074325,-0.48597942100380814,orange
0.5,15,731.8864252007122,-0.5178806336275147,0.04026184868102385,orange
0.5,15,731.8864252007122,0.31012477372789504,0.9282128016104008,blue
0.5,15,731.8864252007122,0.5442547918647266,0.26938393725640386,blue
0.5,15,731.8864252007122,0.851926493149698,-0.09131223228356933,green
0.5,15,731.8864252007122,-0.31804388910514214,0.7029892841562809,green
0.5,15,731.8864252007122,0.882183628215111,0.19288974929981506,blue
0.5,15,731.8864252007122,0.49714210866082537,0.07182154429725879,green
0.5,15,731.8864252007122,-0.31095318742138883,-0.6213130758049626,red
0.5,15,731.8864252007122,1.1354012519351933,0.17190985628212016,blue
0.5,15,731.8864252007122,0.31636703878963546,-0.22386244886645054,yellow
0.5,15,731.8864252007122,-0.1572947105978874,0.33938310107268527,yellow
0.5,15,731.8864252007122,-0.8717080384471997,0.28973742384157347,orange
0.5,15,731.8864252007122,-0.42117478368473504,0.41549886565793953,yellow
0.5,15,731.8864252007122,0.1812714216500107,-0.8325424163695215,orange
0.5,15,731.8864252007122,-0.4018185454661719,-0.5337853842570988,red
0.5,15,731.8864252007122,0.5104608966767732,-0.4778115503576112,yellow
0.5,15,731.8864252007122,0.22891927115911198,0.3950756742019263,green
0.5,15,731.8864252007122,-0.011147526094428092,0.024703254147726214,yellow
0.5,15,731.8864252007122,-0.04213396763887894,-0.8894013618158979,red
0.5,15,731.8864252007122,-0.771733395961795,-0.29142678744018086,red
0.5,15,731.8864252007122,-0.07680665437462633,1.1089211725719041,blue
0.5,15,731.8864252007122,0.03768275576827645,-0.5075296669664409,orange
0.5,15,731.8864252007122,-0.8766079048650014,0.14685216940236026,red
0.5,15,731.8864252007122,0.1331518809341478,0.5139962750558659,green
0.1,25,1139.7511180672857,-0.2816277877355213,-0.38351239601258746,orange
0.1,25,1139.7511180672857,-0.6821815681896387,-0.002544915308277023,orange
0.1,25,1139.7511180672857,0.33279452315173336,1.0939856567232245,blue
0.1,25,1139.7511180672857,0.7149011915784441,0.6977958976257839,blue
0.1,25,1139.7511180672857,1.0768460815186691,-0.2946738936248996,green
0.1,25,1139.7511180672857,-0.3539035501247826,1.0371137305318796,green
0.1,25,1139.7511180672857,1.093194249406986,0.36125249624544553,blue
0.1,25,1139.7511180672857,0.704726757302585,0.031156209372818926,green
0.1,25,1139.7511180672857,-0.3256188655148519,-1.01552332432314,red
0.1,25,1139.7511180672857,1.436370999520035,0.06686239220908181,blue
0.1,25,1139.7511180672857,0.38622699049492537,-0.32750696177546046,yellow
0.1,25,1139.7511180672857,-0.32400954790433484,0.36574439442528406,yellow
0.1,25,1139.7511180672857,-1.061667580033845,0.3428680786177191,orange
0.1,25,1139.7511180672857,-0.6780339555474559,0.6737890484935294,yellow
0.1,25,1139.7511180672857,0.3796957372439491,-1.048346336477762,orange
0.1,25,1139.7511180672857,-0.638494711281069,-0.7114153277884747,red
0.1,25,1139.7511180672857,0.73184810352044,-0.6687398184343908,yellow
0.1,25,1139.7511180672857,0.3451625654147944,0.37837952726131346,green
0.1,25,1139.7511180672857,0.02926862151118467,0.025344199984504108,yellow
0.1,25,1139.7511180672857,0.021909031685929975,-1.3593839273274597,red
0.1,25,1139.7511180672857,-1.0050862574487924,-0.36863094481442304,red
0.1,25,1139.7511180672857,0.013086240101072852,1.400317029178589,blue
0.1,25,1139.7511180672857,0.04244755311558599,-0.706688479619547,orange
0.1,25,1139.7511180672857,-1.3568770722649983,-0.019544972916710715,red
0.1,25,1139.7511180672857,0.020532628579124378,0.7168124718314025,green
0.02,10,273.8867304136454,-0.1668014257622535,-0.5995169204746941,orange
0.02,10,273.8867304136454,0.33235897100992495,-0.4828392264428193,orange
0.02,10,273.8867304136454,-0.007820479854746458,0.9728686286640452,blue
0.02,10,273.8867304136454,-0.5104974040969809,0.8478409953676291,blue
0.02,10,273.8867304136454,-1.3622844605560311,0.15834873098918523,green
0.02,10,273.8867304136454,0.5856060881746467,0.6221123136530652,green
0.02,10,273.8867304136454,-1.0072040705810468,0.754647100630798,blue
0.02,10,273.8867304136454,-0.8560406771893262,0.2669904118297841,green
0.02,10,273.8867304136454,-0.5290076633641674,-1.2164796468439727,red
0.02,10,273.8867304136454,-1.4485552644364108,0.6567333490696343,blue
0.02,10,273.8867304136454,-0.7836084991913241,-0.25364440904922064,yellow
0.02,10,273.8867304136454,0.2522658874408837,4.880088986682137e-4,yellow
0.02,10,273.8867304136454,0.7763425896501415,-0.38545454414706437,orange
0.02,10,273.8867304136454,0.6596944122240654,0.17074527890920246,yellow
0.02,10,273.8867304136454,-1.119907683108474,-0.825220197805827,orange
0.02,10,273.8867304136454,-0.15597855048963566,-0.9273954661177367,red
0.02,10,273.8867304136454,-1.2582534547853597,-0.4176383715630186,yellow
0.02,10,273.8867304136454,-0.11713884932215095,0.14379163643583787,green
0.02,10,273.8867304136454,-0.2044373225932072,-0.18377956295026057,yellow
0.02,10,273.8867304136454,-1.0394493873786825,-1.2226006978139474,red
0.02,10,273.8867304136454,-0.5199629706923945,0.5903115215471986,red
0.02,10,273.8867304136454,1.1273150851123297,0.6883517574297966,blue
0.02,10,273.8867304136454,-0.7054866184072563,-0.5886287390038912,orange
0.02,10,273.8867304136454,-0.4985508272980987,1.0501692331293315,red
0.02,10,273.8867304136454,0.5672941567203436,0.07710512747556375,green
0.5,25,1145.5884003474596,0.0088395543831511,0.2560547546397535,orange
0.5,25,1145.5884003474596,0.2933291925114279,0.04431996492174416,orange
0.5,25,1145.5884003474596,-0.022479853731211183,-0.43740588171618683,blue
0.5,25,1145.5884003474596,-0.23743002485696918,-0.20019789426490017,blue
0.5,25,1145.5884003474596,-0.37037754808807616,0.05785014264679368,green
0.5,25,1145.5884003474596,0.2012524057886107,-0.31608409830338036,green
0.5,25,1145.5884003474596,-0.4180749686788495,-0.11064459781667452,blue
0.5,25,1145.5884003474596,-0.20807323017863777,-0.011239045816443072,green
0.5,25,1145.5884003474596,0.1687495806942503,0.36803858051365734,red
0.5,25,1145.5884003474596,-0.5234781058443412,-0.0916812772815517,blue
0.5,25,1145.5884003474596,-0.13850469630464804,0.13499544818256018,yellow
0.5,25,1145.5884003474596,0.13309992304855964,-0.1277698353223873,yellow
0.5,25,1145.5884003474596,0.48436609104726863,-0.051877595198796006,orange
0.5,25,1145.5884003474596,0.26610158235140535,-0.1580601029977033,yellow
0.5,25,1145.5884003474596,-0.10821563343643145,0.44723667437849074,orange
0.5,25,1145.5884003474596,0.21219670116584322,0.32439424942692385,red
0.5,25,1145.5884003474596,-0.24319896181511763,0.24320489537667161,yellow
0.5,25,1145.5884003474596,-0.05595013201887716,-0.14358124243760945,green
0.5,25,1145.5884003474596,0.03415241099430204,-0.01830497271298034,yellow
0.5,25,1145.5884003474596,0.024868969362650234,0.4988834498450318,red
0.5,25,1145.5884003474596,0.3804852569102424,0.18185253099620569,red
0.5,25,1145.5884003474596,0.03917915236000476,-0.4811722191456838,blue
0.5,25,1145.5884003474596,-0.007795531843010515,0.3143562965244831,orange
0.5,25,1145.5884003474596,0.5099928748484526,0.06009285252293731,red
0.5,25,1145.5884003474596,0.0307990540057315,-0.2624100799128622,green
0.5,10,358.106174557559,0.5039121950277505,0.053812068781566275,orange
0.5,10,358.106174557559,-0.11850775978915418,0.6059688246207172,orange
0.5,10,358.106174557559,-0.8807670900752415,-0.1194326863938784,blue
0.5,10,358.106174557559,-0.023929481628654006,-0.3979845133617993,blue
0.5,10,358.106174557559,-0.09382005552945254,-0.8616871568931942,green
0.5,10,358.106174557559,-0.723280728478266,0.32282817988464757,green
0.5,10,358.106174557559,-0.205067647457158,-0.8564896420395833,blue
0.5,10,358.106174557559,-0.06063416446989968,-0.43615218000130107,green
0.5,10,358.106174557559,0.5953824717505406,0.4505437314389552,red
0.5,10,358.106174557559,-0.22872531850063063,-1.0632322475235427,blue
0.5,10,358.106174557559,0.30277644160285905,-0.263250398885449,yellow
0.5,10,358.106174557559,-0.3113545628687025,0.2875923319625424,yellow
0.5,10,358.106174557559,-0.3053945623569479,0.8812916857728242,orange
0.5,10,358.106174557559,-0.3780308968481445,0.40205418534345344,yellow
0.5,10,358.106174557559,0.8255915994783178,-0.1537564665698659,orange
0.5,10,358.106174557559,0.516574049541063,0.5078089296844415,red
0.5,10,358.106174557559,0.6120492674117912,-0.40262785809950685,yellow
0.5,10,358.106174557559,-0.2450094519484259,-0.22089911651994806,green
0.5,10,358.106174557559,0.059341094015154215,-0.03499750641874574,yellow
0.5,10,358.106174557559,1.014518287068396,0.17574465560879182,red
0.5,10,358.106174557559,0.2608628593432823,0.8394245403522596,red
0.5,10,358.106174557559,-0.9248437521088059,-0.10844439742138239,blue
0.5,10,358.106174557559,0.6765269883523248,0.05195350051652814,orange
0.5,10,358.106174557559,-0.22605885873898923,0.7258725658464887,red
0.5,10,358.106174557559,-0.4159995850562725,-0.22840115971172903,green
0.02,5,49.338639491781606,0.15018948007108882,0.9407112057476459,orange
0.02,5,49.338639491781606,0.6571803650721498,0.6350406531977183,orange
0.02,5,49.338639491781606,-0.25068656056764027,-0.6013783229319888,blue
0.02,5,49.338639491781606,-0.5585141497774351,-0.17753736899841793,blue
0.02,5,49.338639491781606,-1.3279741097296502,0.4391325213988578,green
0.02,5,49.338639491781606,0.3576018247633289,-0.5172302336506857,green
0.02,5,49.338639491781606,-0.9292096105593556,0.27569478073579723,blue
0.02,5,49.338639491781606,-1.1600909666792694,-0.1051812292734661,green
0.02,5,49.338639491781606,-1.9125930442155745,-1.3533174867160676,red
0.02,5,49.338639491781606,-1.6222082754219806,0.4040153732471334,blue
0.02,5,49.338639491781606,-1.1200659951770615,-0.5010710770989941,yellow
0.02,5,49.338639491781606,-0.6316830124451918,-1.211623167504172,yellow
0.02,5,49.338639491781606,-0.1334033386312402,-1.653690808715189,orange
0.02,5,49.338639491781606,-0.47236712652466956,-1.7462119503202538,yellow
0.02,5,49.338639491781606,-0.42221996845945564,0.2544678621484601,orange
0.02,5,49.338639491781606,0.18246680632445023,-0.5572949257197962,red
0.02,5,49.338639491781606,-0.9874594160948151,0.21428276628642726,yellow
0.02,5,49.338639491781606,-1.2926346133067348,-0.8761491314332189,green
0.02,5,49.338639491781606,-0.7391266611565157,-0.8427143297367831,yellow
0.02,5,49.338639491781606,0.08944065147040055,0.36610278307057376,red
0.02,5,49.338639491781606,0.06850289243733157,-0.9893444485212717,red
0.02,5,49.338639491781606,-1.5771601659026597,-2.01284606822564,blue
0.02,5,49.338639491781606,-0.24760150424111266,-0.24392148733306163,orange
0.02,5,49.338639491781606,-1.4636297945024628,-0.22334673530554353,red
0.02,5,49.338639491781606,-1.0645621609800437,-1.571531950056585,green
0.1,5,119.00682087491371,-0.5050175237080391,0.49469208767215256,orange
0.1,5,119.00682087491371,-0.028395629490209337,0.8533981644534363,orange
0.1,5,119.00682087491371,0.7858283127584896,-0.2531627370943346,blue
0.1,5,119.00682087491371,0.3456822988974738,-0.5762347202399419,blue
0.1,5,119.00682087491371,-0.6017537260348469,-0.7590309582532455,green
0.1,5,119.00682087491371,0.8164589087457629,0.40608801976626413,green
0.1,5,119.00682087491371,-0.0339491989962113,-0.8707043849166226,blue
0.1,5,119.00682087491371,-0.1850251974060513,-0.4543546777809719,green
0.1,5,119.00682087491371,-1.2288684928904272,0.4831183613335391,red
0.1,5,119.00682087491371,-0.49047322479761224,-1.1005111227766962,blue
0.1,5,119.00682087491371,-0.37665545674550394,-0.16778240062981914,yellow
0.1,5,119.00682087491371,-0.045842231458405935,0.5865097029052643,yellow
0.1,5,119.00682087491371,0.28074880516433937,1.162116240126333,orange
0.1,5,119.00682087491371,0.006511068451715559,1.068987807541592,yellow
0.1,5,119.00682087491371,0.5292461992554587,-0.6367033208954517,orange
0.1,5,119.00682087491371,0.8118061812290647,0.24043509783250294,red
0.1,5,119.00682087491371,0.005169628660797683,-0.7466372680568624,yellow
0.1,5,119.00682087491371,-0.5739400614051294,0.17545435278804902,green
0.1,5,119.00682087491371,-0.10871394432714528,0.1620278139771042,yellow
0.1,5,119.00682087491371,0.9259514057007002,-0.5684946467436712,red
0.1,5,119.00682087491371,0.7375804093626612,0.7597025400863233,red
0.1,5,119.00682087491371,-1.198938849702149,0.929098531664678,blue
0.1,5,119.00682087491371,0.4321576568809706,-0.23220090281029512,orange
0.1,5,119.00682087491371,0.5113397369616688,1.2559288591281403,red
0.1,5,119.00682087491371,-0.7118943884030201,0.44257571314344807,green
0.004,5,56.94088615569664,-0.25615846968528644,0.541785259398879,orange
0.004,5,56.94088615569664,0.31248380367760736,0.36991311770807034,orange
0.004,5,56.94088615569664,-0.3244165566158702,-1.0272896010549972,blue
0.004,5,56.94088615569664,-0.6893963894348942,-0.6877185118500747,blue
0.004,5,56.94088615569664,-1.6241485110557186,-0.32080026966802394,green
0.004,5,56.94088615569664,0.2609703327969196,-0.8469316427661737,green
0.004,5,56.94088615569664,-1.102171375043019,-0.2152099616423745,blue
0.004,5,56.94088615569664,-1.2961261787503018,-0.6391725487955775,green
0.004,5,56.94088615569664,-1.9415138230076485,-1.9608427864165687,red
0.004,5,56.94088615569664,-1.6813073918314851,-0.03833352635703418,blue
0.004,5,56.94088615569664,-1.2322668136555475,-1.0037132246002403,yellow
0.004,5,56.94088615569664,-0.6817811957713329,-1.6633187862983814,yellow
0.004,5,56.94088615569664,-0.1437434410793568,-2.112161924425113,orange
0.004,5,56.94088615569664,-0.4590486229721305,-2.174344497529792,yellow
0.004,5,56.94088615569664,-0.4964238635015053,-0.14326776068708796,orange
0.004,5,56.94088615569664,-0.04110266747780712,-0.9576312643506525,red
0.004,5,56.94088615569664,-0.25781312247692567,-0.16908205997521508,yellow
0.004,5,56.94088615569664,-1.1861389751054612,-1.3436474096349498,green
0.004,5,56.94088615569664,-0.7644252528705994,-1.1703592500600721,yellow
0.004,5,56.94088615569664,0.2808152381388738,-0.13740442938599212,red
0.004,5,56.94088615569664,-1.2627138831868698,-0.21429163252156094,red
0.004,5,56.94088615569664,-1.614195584202397,-2.2306172588323623,blue
0.004,5,56.94088615569664,-0.2410601890700997,-0.6509474101264769,orange
0.004,5,56.94088615569664,-1.7566376496569638,-0.22088612734644092,red
0.004,5,56.94088615569664,-1.1650529156657028,-1.6995574061104985,green
0.5,5,124.34104802181187,0.24110513076817622,0.11566863547939452,orange
0.5,5,124.34104802181187,-0.3979319813678904,0.19933826751654043,orange
0.5,5,124.34104802181187,-0.1851741449013202,-4.4201557907924146e-4,blue
0.5,5,124.34104802181187,0.12618915831028243,-0.25123334502337963,blue
0.5,5,124.34104802181187,0.31972818494042715,-0.32848484260558447,green
0.5,5,124.34104802181187,-0.46684566624109064,0.022809786921552454,green
0.5,5,124.34104802181187,0.28072185497577123,-0.35148688101901243,blue
0.5,5,124.34104802181187,0.07365553312098089,-0.18163006801698292,green
0.5,5,124.34104802181187,0.37358859179952264,0.4763149527473005,red
0.5,5,124.34104802181187,0.34858379953659696,-0.4113053742477248,blue
0.5,5,124.34104802181187,0.3112201920020001,-0.04944851195792332,yellow
0.5,5,124.34104802181187,-0.2719331575195153,0.16100648120790445,yellow
0.5,5,124.34104802181187,-0.4491634032917465,0.4925636977115623,orange
0.5,5,124.34104802181187,-0.3742172254503227,0.26222191346362467,yellow
0.5,5,124.34104802181187,0.48168137999881494,-0.24863210756442203,orange
0.5,5,124.34104802181187,0.0884938128032932,0.041758782937588224,red
0.5,5,124.34104802181187,0.38430381671546154,-0.3062289854881189,yellow
0.5,5,124.34104802181187,-0.1797103834001294,0.12044571899927692,green
0.5,5,124.34104802181187,0.014557318669541146,0.02325166867434488,yellow
0.5,5,124.34104802181187,0.35472565377220344,-0.16693559463877555,red
0.5,5,124.34104802181187,-0.12022195709488748,0.1770599775207688,red
0.5,5,124.34104802181187,-0.4654136206770584,0.37310953835638877,blue
0.5,5,124.34104802181187,0.20988581594751685,-0.06797326989441553,orange
0.5,5,124.34104802181187,-0.23308050723666812,0.14134362319435,red
0.5,5,124.34104802181187,-0.10867676185086465,0.01619892434613834,green
