0.55,15,823.7278751414389,-0.09345973098597644,-0.0012422180261665173,orange
0.55,15,823.7278751414389,-0.06937855424905949,-0.013059178007426935,orange
0.55,15,823.7278751414389,-0.06294143224031679,-0.06790387076898868,blue
0.55,15,823.7278751414389,-0.08641630418028287,-0.051117436632293435,blue
0.55,15,823.7278751414389,-0.10273431932067323,-0.04083427720026639,green
0.55,15,823.7278751414389,-0.048142865814736945,-0.03164350066923199,green
0.55,15,823.7278751414389,-0.10017729360877481,-0.05403566693822129,blue
0.55,15,823.7278751414389,-0.08986526015208031,-0.04456291109062202,green
0.55,15,823.7278751414389,-0.08143942164037295,-4.992408736546651e-4,red
0.55,15,823.7278751414389,-0.10776542032474525,-0.06063875060090138,blue
0.55,15,823.7278751414389,-0.09593587988188924,-0.028322503157039287,yellow
0.55,15,823.7278751414389,-0.07239531618522721,-0.027940790849696955,yellow
0.55,15,823.7278751414389,-0.05811322582391804,-0.008257320531810611,orange
0.55,15,823.7278751414389,-0.05940886423482502,-0.020448328495915276,yellow
0.55,15,823.7278751414389,-0.10474474473028876,-0.003315852144678319,orange
0.55,15,823.7278751414389,-0.08812793578508318,0.0042140265541676354,red
0.55,15,823.7278751414389,-0.10199406793954006,-0.02740692774244697,yellow
0.55,15,823.7278751414389,-0.07235783354362721,-0.04601128239371585,green
0.55,15,823.7278751414389,-0.07333680581539422,-0.026317603796884935,yellow
0.55,15,823.7278751414389,-0.10626859919958155,-0.0028015210760128145,red
0.55,15,823.7278751414389,-0.07328246526271351,0.007305523949575765,red
0.55,15,823.7278751414389,-0.042954653260091215,-0.02589214349116066,blue
0.55,15,823.7278751414389,-0.09728019419280877,-0.006405013943823171,orange
0.55,15,823.7278751414389,-0.06500367193187923,-0.0032481334882422633,red
0.55,15,823.7278751414389,-0.0738478853606053,-0.03752502452915489,green
0.55,25,1213.1932355237802,0.3799281797772809,0.6973255069907677,orange
0.55,25,1213.1932355237802,-0.46714209750309704,0.4634824286681273,orange
0.55,25,1213.1932355237802,-0.16230503189778797,-0.8070268260404239,blue
0.55,25,1213.1932355237802,0.48924356231070204,-0.43341498870641954,blue
0.55,25,1213.1932355237802,0.9761451264666596,-0.031050118711889993,green
0.55,25,1213.1932355237802,-0.5262538999168574,-0.3587029326691729,green
0.55,25,1213.1932355237802,0.9387977450799532,-0.4155743127779189,blue
0.55,25,1213.1932355237802,0.5331185573960784,-0.05148606306279983,green
0.55,25,1213.1932355237802,0.07712244911136662,1.0164136463772688,red
0.55,25,1213.1932355237802,1.1612919035444564,-0.4765353630905695,blue
0.55,25,1213.1932355237802,0.5181527399525943,0.3008079939609644,yellow
0.55,25,1213.1932355237802,-0.24259651942105237,-0.04118560314778622,yellow
0.55,25,1213.1932355237802,-0.9446219065014988,0.3838495356769562,orange
0.55,25,1213.1932355237802,-0.5189316259891255,0.03443236555030194,yellow
0.55,25,1213.1932355237802,0.667979183315181,1.0063075360690534,orange
0.55,25,1213.1932355237802,-0.03642967276184042,0.9795494458820561,red
0.55,25,1213.1932355237802,0.8288094350055814,0.4641780824445036,yellow
0.55,25,1213.1932355237802,0.12803436829864656,-0.20900090705703384,green
0.55,25,1213.1932355237802,0.05753962199323752,0.12565732060354445,yellow
0.55,25,1213.1932355237802,0.4379825867686811,1.1879344861745673,red
0.55,25,1213.1932355237802,-0.5234097291657294,0.8088066333328267,red
0.55,25,1213.1932355237802,-0.3243727777964397,-0.8443894299224743,blue
0.55,25,1213.1932355237802,0.3755491278550633,0.7973165032705416,orange
0.55,25,1213.1932355237802,-0.8868637641585699,0.6321894112612474,red
0.55,25,1213.1932355237802,-0.1371573427689894,-0.3810908624102146,green
0.4,15,618.3724837641946,0.17165537661637778,0.0319317270680477,orange
0.4,15,618.3724837641946,0.1240970611896342,0.299449293585404,orange
0.4,15,618.3724837641946,0.6553320020032254,0.37712681536544423,blue
0.4,15,618.3724837641946,0.596445558101031,0.14128182751069301,blue
0.4,15,618.3724837641946,0.5644478029939498,-0.11249786770134375,green
0.4,15,618.3724837641946,0.39009611160135615,0.49538146093497315,green
0.4,15,618.3724837641946,0.6691443265399879,0.005503019419044796,blue
0.4,15,618.3724837641946,0.4998906641397168,0.043940599547536575,green
0.4,15,618.3724837641946,0.030685941188796306,2.9882297363546627e-4,red
0.4,15,618.3724837641946,0.7339749129193455,-0.09273584605109632,blue
0.4,15,618.3724837641946,0.35466405631034736,-0.005688043316430519,yellow
0.4,15,618.3724837641946,0.3223710199882998,0.31867617393998304,yellow
0.4,15,618.3724837641946,0.07254288220175521,0.474144175389787,orange
0.4,15,618.3724837641946,0.2642739384904951,0.4303713577901785,yellow
0.4,15,618.3724837641946,0.1664529029332381,-0.18922309293673442,orange
0.4,15,618.3724837641946,0.01382406335229238,0.08285708830677754,red
0.4,15,618.3724837641946,0.36464018312458474,-0.1511630257999287,yellow
0.4,15,618.3724837641946,0.4817547307853082,0.21891487094079026,green
0.4,15,618.3724837641946,0.3093827773707069,0.1566000740510174,yellow
0.4,15,618.3724837641946,0.04931314622229455,-0.15881387205330166,red
0.4,15,618.3724837641946,-0.04159150089547259,0.24791308609174667,red
0.4,15,618.3724837641946,0.5640753327950709,0.5636498373763756,blue
0.4,15,618.3724837641946,0.18358304245895313,-0.033948809418069326,orange
0.4,15,618.3724837641946,0.0010535661644884618,0.424541524007965,red
0.4,15,618.3724837641946,0.4779009458457612,0.310680140878487,green
0.5,15,783.1836043548628,0.33646556190682336,0.14399915958440404,orange
0.5,15,783.1836043548628,-0.30360680253169314,-0.09774520583880593,orange
0.5,15,783.1836043548628,-0.7319886663157074,0.9294980030426734,blue
0.5,15,783.1836043548628,-0.10369518735188599,0.8911724464203928,blue
0.5,15,783.1836043548628,0.3267273499123847,1.0033608244845131,green
0.5,15,783.1836043548628,-0.7870470180251301,0.30951307125895056,green
0.5,15,783.1836043548628,0.10315597770884974,1.1379686655293442,blue
0.5,15,783.1836043548628,0.05626087146866708,0.7732532416732096,green
0.5,15,783.1836043548628,0.35159896307181165,-0.16716406480504487,red
0.5,15,783.1836043548628,0.22459880941367402,1.3346458252781035,blue
0.5,15,783.1836043548628,0.23387403681754704,0.5127773444500321,yellow
0.5,15,783.1836043548628,-0.41522278177664657,0.32582424705081636,yellow
0.5,15,783.1836043548628,-0.627817088607707,-0.3097461983224579,orange
0.5,15,783.1836043548628,-0.5814721531618798,0.1268312455144862,yellow
0.5,15,783.1836043548628,0.7032680413665772,0.16802616040750595,orange
0.5,15,783.1836043548628,0.23432424094086818,-0.20971470701992515,red
0.5,15,783.1836043548628,0.5234036186427675,0.566101112512044,yellow
0.5,15,783.1836043548628,-0.3136706066112173,0.6678587456538634,green
0.5,15,783.1836043548628,-0.09013035929878918,0.32148286389414793,yellow
0.5,15,783.1836043548628,0.6723029280401326,-0.04250019594622656,red
0.5,15,783.1836043548628,-0.10262566980754627,-0.4350241634221969,red
0.5,15,783.1836043548628,-1.0300725532462265,0.693035716003967,blue
0.5,15,783.1836043548628,0.38913289331904627,0.16934127306707628,orange
0.5,15,783.1836043548628,-0.509420502784404,-0.3710316993549341,red
0.5,15,783.1836043548628,-0.45224444605198455,0.6408511014669224,green
0.55,10,400.4230775401095,-0.16224804567583825,-0.022118536760484604,orange
0.55,10,400.4230775401095,-0.11667777519698012,0.4181914764111642,orange
0.55,10,400.4230775401095,0.4632068475743296,0.36907717416675473,blue
0.55,10,400.4230775401095,0.14802509086156923,-0.06320267228045745,blue
0.55,10,400.4230775401095,0.3823102207054634,-0.20961800785881562,green
0.55,10,400.4230775401095,0.22407924036083285,0.4955180116541678,green
0.55,10,400.4230775401095,0.41303144598253116,-0.1838706552976111,blue
0.55,10,400.4230775401095,0.19439675818287863,-0.046445420938361556,green
0.55,10,400.4230775401095,-0.34825760966358243,0.12729724326299469,red
0.55,10,400.4230775401095,0.488075413601307,-0.2559713206207463,blue
0.55,10,400.4230775401095,-0.014349230301148366,-0.10309451436247287,yellow
0.55,10,400.4230775401095,0.069958705820981,0.33831594990568453,yellow
0.55,10,400.4230775401095,-0.12667627966625641,0.6011979462837063,orange
0.55,10,400.4230775401095,0.03506684912825023,0.40420096740170214,yellow
0.55,10,400.4230775401095,-0.2798668752509714,-0.21581111420418864,orange
0.55,10,400.4230775401095,-0.3538989221758415,0.17649384270791385,red
0.55,10,400.4230775401095,-0.12855205429413413,-0.257160174850233,yellow
0.55,10,400.4230775401095,0.20080416594568623,0.08871548350705134,green
0.55,10,400.4230775401095,0.012770137498912015,0.06951822890509529,yellow
0.55,10,400.4230775401095,-0.48412807093237015,-0.11751922551266056,red
0.55,10,400.4230775401095,-0.3602276171424925,0.4029727554529503,red
0.55,10,400.4230775401095,0.4635139540061118,0.3682064841413977,blue
0.55,10,400.4230775401095,-0.30812117138030126,-0.06783020376633468,orange
0.55,10,400.4230775401095,-0.055047090890411494,0.4904739717082379,red
0.55,10,400.4230775401095,0.29624548463854294,0.11068433096209224,green
0.4,10,301.41907511564654,-0.33758618395761447,-0.3151302384126653,orange
0.4,10,301.41907511564654,-0.46212400730476666,-0.06193322421097181,orange
0.4,10,301.41907511564654,-0.02478441104257383,0.07856523276154426,blue
0.4,10,301.41907511564654,-0.051466321761226654,-0.16964496255828895,blue
0.4,10,301.41907511564654,0.12033834585568377,-0.28671788444885116,green
0.4,10,301.41907511564654,-0.2597044275166913,0.1589639838639676,green
0.4,10,301.41907511564654,0.1277157181722237,-0.21362721490178704,blue
0.4,10,301.41907511564654,-0.05964358238442763,-0.2321569471745147,green
0.4,10,301.41907511564654,-0.49465127641336837,-0.38375413210960313,red
0.4,10,301.41907511564654,0.20418571912448313,-0.2586196885367041,blue
0.4,10,301.41907511564654,-0.18241580800701215,-0.3380274572319259,yellow
0.4,10,301.41907511564654,-0.324957980389442,-0.03132772553506907,yellow
0.4,10,301.41907511564654,-0.5532235101561169,0.04293217183028243,orange
0.4,10,301.41907511564654,-0.3551258212828962,0.03839353728891412,yellow
0.4,10,301.41907511564654,-0.28191145496949616,-0.5346048151012494,orange
0.4,10,301.41907511564654,-0.5237807896580192,-0.3178273698583887,red
0.4,10,301.41907511564654,-0.15073458914967858,-0.48146018618872594,yellow
0.4,10,301.41907511564654,-0.13036181147732304,-0.12311134916778467,green
0.4,10,301.41907511564654,-0.24058702114083003,-0.20893654447278062,yellow
0.4,10,301.41907511564654,-0.45899586870015885,-0.5716293487621071,red
0.4,10,301.41907511564654,-0.6310741079462429,-0.19197505215347024,red
0.4,10,301.41907511564654,-0.10514193110807561,0.1913583673112561,blue
0.4,10,301.41907511564654,-0.3668257782265881,-0.4342479459464677,orange
0.4,10,301.41907511564654,-0.5749691943547729,0.0016331591338083272,red
0.4,10,301.41907511564654,-0.12165303925696667,-0.023572687512556055,green
0.25,15,845.6028976108694,0.5997317959206913,-0.29550553990715156,orange
0.25,15,845.6028976108694,0.057904577596871044,-0.5889931384920147,orange
0.25,15,845.6028976108694,-0.6445681305917338,0.6442068799866832,blue
0.25,15,845.6028976108694,-0.08638253050829375,0.8024617267259584,blue
0.25,15,845.6028976108694,0.7746955751419918,0.8902053427964568,green
0.25,15,845.6028976108694,-0.7293122173337401,-0.05039584449801779,green
0.25,15,845.6028976108694,0.2809596715896589,1.0600738781185204,blue
0.25,15,845.6028976108694,0.3973195477540183,0.6201770209784965,green
0.25,15,845.6028976108694,0.9958460038847616,-0.5746812409175784,red
0.25,15,845.6028976108694,0.5474516216649724,1.3055063645300915,blue
0.25,15,845.6028976108694,0.6377187388635864,0.26401318444793154,yellow
0.25,15,845.6028976108694,-0.1740728650574161,-0.14495439343808794,yellow
0.25,15,845.6028976108694,-0.35230628589084406,-0.861509388864459,orange
0.25,15,845.6028976108694,-0.4810840538869504,-0.38581516439491753,yellow
0.25,15,845.6028976108694,1.2868905274849047,0.01605388601543245,orange
0.25,15,845.6028976108694,0.7157440328316953,-0.7184825987805171,red
0.25,15,845.6028976108694,1.0192268176884196,0.4384571472134611,yellow
0.25,15,845.6028976108694,-0.020508709464981238,0.4014882641786529,green
0.25,15,845.6028976108694,0.2566627935123212,4.124830644010918e-4,yellow
0.25,15,845.6028976108694,1.3848854497762466,-0.3627390671479787,red
0.25,15,845.6028976108694,0.3352781200526217,-0.9965103814699983,red
0.25,15,845.6028976108694,-1.0066391155965124,0.34529920637528455,blue
0.25,15,845.6028976108694,0.8811982506372538,-0.14156962252393082,orange
0.25,15,845.6028976108694,-0.11193054543607682,-1.1215686754093188,red
0.25,15,845.6028976108694,-0.33169503625060587,0.26531332168781496,green
0.4,25,517.8040857078787,0.5043648473846881,0.7736918540357361,orange
0.4,25,517.8040857078787,-0.20582805231166862,0.9599025306891299,orange
0.4,25,517.8040857078787,-0.6076389286002861,-0.3328809671143255,blue
0.4,25,517.8040857078787,0.06802557269924342,-0.3885324054093509,blue
0.4,25,517.8040857078787,0.8210200491644858,-0.25197853718216506,green
0.4,25,517.8040857078787,-0.7624249244188549,0.24850070283091463,green
0.4,25,517.8040857078787,0.510254894780333,-0.5683425664093134,blue
0.4,25,517.8040857078787,0.4229199647773335,-0.06130624749023348,green
0.4,25,517.8040857078787,0.630014505336853,1.160988506887138,red
0.4,25,517.8040857078787,0.7509139727356838,-0.730268469195663,blue
0.4,25,517.8040857078787,0.5748210764544162,0.2929501793811842,yellow
0.4,25,517.8040857078787,-0.2998400987928002,0.4505079704860949,yellow
0.4,25,517.8040857078787,-0.6699311734213981,1.1273465061761117,orange
0.4,25,517.8040857078787,-0.5931136359925595,0.6209300690913429,yellow
0.4,25,517.8040857078787,1.1139730586667542,0.7480190868164037,orange
0.4,25,517.8040857078787,0.4166309507852281,1.2122276346165892,red
0.4,25,517.8040857078787,0.9681518694783321,0.2324726851489025,yellow
0.4,25,517.8040857078787,-0.03081051584121383,0.028145082830414125,green
0.4,25,517.8040857078787,0.09841042050481298,0.3789374440089797,yellow
0.4,25,517.8040857078787,1.0573288894606667,1.1003309138828863,red
0.4,25,517.8040857078787,-0.057265080993424984,1.3209834379562753,red
0.4,25,517.8040857078787,-0.8427203134025592,-0.25525028175352915,blue
0.4,25,517.8040857078787,0.7140763733484713,0.782109390363253,orange
0.4,25,517.8040857078787,-0.4889466029335687,1.3919132000249468,red
0.4,25,517.8040857078787,-0.3873236892614321,0.05334356543467339,green
0.5,10,458.6220788463181,0.2460610126347467,0.23308221918481367,orange
0.5,10,458.6220788463181,-0.1905948177927119,-0.16346260554118203,orange
0.5,10,458.6220788463181,-0.6953551802684201,0.3438723205149763,blue
0.5,10,458.6220788463181,-0.10132553824259685,0.5205141372903258,blue
0.5,10,458.6220788463181,-0.13276447729003021,0.8437130021176618,green
0.5,10,458.6220788463181,-0.5857845551373887,0.04518359408591074,green
0.5,10,458.6220788463181,-0.21501849813998486,0.8337198512387901,blue
0.5,10,458.6220788463181,-0.12803895863818204,0.5383826289153506,green
0.5,10,458.6220788463181,0.3243326288383129,-0.06426960701930493,red
0.5,10,458.6220788463181,-0.24165539453327722,0.976832698112323,blue
0.5,10,458.6220788463181,0.11768722510282272,0.4261455346226829,yellow
0.5,10,458.6220788463181,-0.30443363084503106,0.050379036128569844,yellow
0.5,10,458.6220788463181,-0.2958077527991629,-0.3614138176521193,orange
0.5,10,458.6220788463181,-0.3371388220778221,-0.029200962921514497,yellow
0.5,10,458.6220788463181,0.47663904869072765,0.34957749878020233,orange
0.5,10,458.6220788463181,0.27288946549761434,-0.10185142959857499,red
0.5,10,458.6220788463181,0.33211711966801233,0.5166000313782413,yellow
0.5,10,458.6220788463181,-0.24918105359217146,0.387534482478679,green
0.5,10,458.6220788463181,-0.03745161682257836,0.2580378401903953,yellow
0.5,10,458.6220788463181,0.613627005414261,0.11962914739396151,red
0.5,10,458.6220788463181,0.11058367625973672,-0.3475560491542107,red
0.5,10,458.6220788463181,-0.7363054617911663,0.3010427456802257,blue
0.5,10,458.6220788463181,0.39151636350836666,0.21753390826049468,orange
0.5,10,458.6220788463181,-0.21466475588779527,-0.28793607028768536,red
0.5,10,458.6220788463181,-0.3923233650408679,0.344608128125878,green
0.5,25,1182.2051218262475,0.347180112126296,0.13654431296777936,orange
0.5,25,1182.2051218262475,-0.06512320483503492,0.2394806416014693,orange
0.5,25,1182.2051218262475,0.08678835985006837,0.884051602598615,blue
0.5,25,1182.2051218262475,0.4156661566486467,0.724359615267274,blue
0.5,25,1182.2051218262475,0.6850772089643156,0.5087988417530528,green
0.5,25,1182.2051218262475,-0.10287260363645416,0.6726791308442315,green
0.5,25,1182.2051218262475,0.6477566766828419,0.7076746609604161,blue
0.5,25,1182.2051218262475,0.4568867615999009,0.5133397567309423,green
0.5,25,1182.2051218262475,0.23622428837619622,-0.042441528360804025,red
0.5,25,1182.2051218262475,0.7658068706228918,0.7323345643848478,blue
0.5,25,1182.2051218262475,0.43782175147403846,0.3276706648328416,yellow
0.5,25,1182.2051218262475,0.0437986201235003,0.49421645638039186,yellow
0.5,25,1182.2051218262475,-0.30550658730654706,0.2731808051791077,orange
0.5,25,1182.2051218262475,-0.1150310614320116,0.466690712217533,yellow
0.5,25,1182.2051218262475,0.5413705481779024,-0.014002886612585396,orange
0.5,25,1182.2051218262475,0.15297482337856985,-0.011549157938444809,red
0.5,25,1182.2051218262475,0.6144956844598184,0.24898609009572958,yellow
0.5,25,1182.2051218262475,0.23955883764120955,0.5908625047494612,green
0.5,25,1182.2051218262475,0.215517289979246,0.41283072206028537,yellow
0.5,25,1182.2051218262475,0.4228315117342867,-0.11776059928303695,red
0.5,25,1182.2051218262475,-0.08187698898386708,0.05379650036235896,red
0.5,25,1182.2051218262475,-0.01033477265757273,0.9208743810383604,blue
0.5,25,1182.2051218262475,0.3792961694600006,0.09303242235132525,orange
0.5,25,1182.2051218262475,-0.28080572385223435,0.14630803324769887,red
0.5,25,1182.2051218262475,0.09792494788562484,0.6746720261854092,green
0.25,10,494.3307523897632,-0.39055229276885123,0.26011393434991587,orange
0.25,10,494.3307523897632,-0.31563415654666843,0.8610317199278238,orange
0.25,10,494.3307523897632,0.9364927797678199,0.7138135188581983,blue
0.25,10,494.3307523897632,0.7219458937453943,0.16888391573669698,blue
0.25,10,494.3307523897632,0.5150045648379404,-0.53458532550208,green
0.25,10,494.3307523897632,0.5084296370653658,1.114623820374238,green
0.25,10,494.3307523897632,0.8321888098728576,-0.26282621625503994,blue
0.25,10,494.3307523897632,0.39503830110519367,-0.11382741694179506,green
0.25,10,494.3307523897632,-0.8346118272220192,0.08928438379960091,red
0.25,10,494.3307523897632,0.8886049559396326,-0.5825102159715588,blue
0.25,10,494.3307523897632,-0.022147617369841614,-0.14326380692998877,yellow
0.25,10,494.3307523897632,0.07326868699736215,0.746988440489901,yellow
0.25,10,494.3307523897632,-0.34234332217952945,1.2174275346090397,orange
0.25,10,494.3307523897632,0.11866152223312267,1.0395554031778984,yellow
0.25,10,494.3307523897632,-0.5338647778571749,-0.4906971611734367,orange
0.25,10,494.3307523897632,-0.8073670126997121,0.37586861032523383,red
0.25,10,494.3307523897632,-0.11133945481986156,-0.5392584431337551,yellow
0.25,10,494.3307523897632,0.41911209949154754,0.269514841529953,green
0.25,10,494.3307523897632,0.007077999510428481,0.262509086873673,yellow
0.25,10,494.3307523897632,-0.979110958010894,-0.35791860025377614,red
0.25,10,494.3307523897632,-0.82035063577915,0.8046897628624444,red
0.25,10,494.3307523897632,0.9410592697648016,0.9826728107229347,blue
0.25,10,494.3307523897632,-0.5305332052271362,-0.1261054454586272,orange
0.25,10,494.3307523897632,-0.5824323398141564,1.223638995169245,red
0.25,10,494.3307523897632,0.5026791351706856,0.5964160819283618,green
0.25,25,433.3569779029894,0.5521332590750833,-0.2433778248058626,orange
0.25,25,433.3569779029894,0.02213150844198514,-0.6217008197941978,orange
0.25,25,433.3569779029894,-0.865714346981517,0.5395378635443988,blue
0.25,25,433.3569779029894,-0.3172763579124881,0.870675885721447,blue
0.25,25,433.3569779029894,0.6332757668531435,1.0158818782978465,green
0.25,25,433.3569779029894,-0.8800384481610005,-0.1038085984277208,green
0.25,25,433.3569779029894,0.08939026107810377,1.1902428907856504,blue
0.25,25,433.3569779029894,0.2649073388847892,0.6973944939863156,green
0.25,25,433.3569779029894,1.0195719059791841,-0.5042083590179349,red
0.25,25,433.3569779029894,0.3586932360817192,1.4489548616381913,blue
0.25,25,433.3569779029894,0.5506367417494052,0.35368753370693834,yellow
0.25,25,433.3569779029894,-0.27079024390303624,-0.17406116888033996,yellow
0.25,25,433.3569779029894,-0.39775451743949336,-0.9420153381772369,orange
0.25,25,433.3569779029894,-0.5797655728364173,-0.4563333331422105,yellow
0.25,25,433.3569779029894,1.2658350281553807,0.16132974455688281,orange
0.25,25,433.3569779029894,0.7335872438573809,-0.6825052761133685,red
0.25,25,433.3569779029894,0.9440829025067095,0.5894564598540597,yellow
0.25,25,433.3569779029894,-0.15231621054927158,0.4182388513982971,green
0.25,25,433.3569779029894,0.12344027950724835,0.08030035180869813,yellow
0.25,25,433.3569779029894,1.4125364654772985,-0.22740037403903074,red
0.25,25,433.3569779029894,0.32065500852503875,-0.9775291644476657,red
0.25,25,433.3569779029894,-1.156276109455604,0.3498000334476059,blue
0.25,25,433.3569779029894,0.871172359446121,-0.061977300701545224,orange
0.25,25,433.3569779029894,-0.09905896821779545,-1.222414504517517,red
0.25,25,433.3569779029894,-0.5295549887133428,0.2265269855845998,green
0.25,5,37.710876771624505,0.43004632918424773,1.0146365852149695,orange
0.25,5,37.710876771624505,-0.33828069373293634,1.0159615809159173,orange
0.25,5,37.710876771624505,-0.2850271353037008,-0.15986837385403208,blue
0.25,5,37.710876771624505,0.35291661957354264,0.07845061053173326,blue
0.25,5,37.710876771624505,0.9345678800111292,-0.11117218443611186,green
0.25,5,37.710876771624505,-0.5718813243594981,0.30132515625830314,green
0.25,5,37.710876771624505,0.7617770326207263,-0.06928935391302465,blue
0.25,5,37.710876771624505,0.43977150082712885,-0.19917618554615418,green
0.25,5,37.710876771624505,0.13577760709953338,-1.3165510487960002,red
0.25,5,37.710876771624505,0.9774251151709411,-0.08740430558224582,blue
0.25,5,37.710876771624505,0.43110145572261505,-0.5965646282396528,yellow
0.25,5,37.710876771624505,-0.3988084777982362,-0.3228722707279976,yellow
0.25,5,37.710876771624505,-0.9139946754828051,-0.6587509877681192,orange
0.25,5,37.710876771624505,-0.7464574858770237,-0.2763753713281037,yellow
0.25,5,37.710876771624505,0.8905053157702543,-0.5635362838706242,orange
0.25,5,37.710876771624505,0.08063158525686852,-0.8596405619836222,red
0.25,5,37.710876771624505,0.8808940057268052,-0.010344269400240797,yellow
0.25,5,37.710876771624505,-0.1250149689501219,0.4497802722954255,green
0.25,5,37.710876771624505,0.029190819466465436,6.380331076469833e-4,yellow
0.25,5,37.710876771624505,0.7578986884690342,-0.8720053774416617,red
0.25,5,37.710876771624505,-0.4842611831051705,-0.869256108486189,red
0.25,5,37.710876771624505,-0.7943770918280437,1.0168393692526492,blue
0.25,5,37.710876771624505,0.44561856230397917,-0.5020432370112932,orange
0.25,5,37.710876771624505,-1.0019921568992982,-0.4844196950625769,red
0.25,5,37.710876771624505,-0.20276652471956438,0.6532894773093639,green
0.55,5,130.66646639370984,0.00416208405573752,0.5344696419910101,orange
0.55,5,130.66646639370984,-0.46859078612181165,0.31797848076899154,orange
0.55,5,130.66646639370984,-0.3711990843220607,0.3592792466184084,blue
0.55,5,130.66646639370984,-0.05524685470541203,0.5744123596801144,blue
0.55,5,130.66646639370984,0.0718803090451527,0.6465648937501163,green
0.55,5,130.66646639370984,-0.4622388395710549,0.3999336093869786,green
0.55,5,130.66646639370984,0.041807349182082176,0.6451861364494542,blue
0.55,5,130.66646639370984,-0.10737098862323027,0.4947174089482261,green
0.55,5,130.66646639370984,0.20840338174793882,0.21119124461035457,red
0.55,5,130.66646639370984,0.07078584526659168,0.7222144987747066,blue
0.55,5,130.66646639370984,0.05612863968009214,0.44471460926933626,yellow
0.55,5,130.66646639370984,-0.20529111763313865,0.20852870467636053,yellow
0.55,5,130.66646639370984,-0.25079852092071236,-0.05029864684778278,orange
0.55,5,130.66646639370984,-0.23512973829340655,0.04742923032828043,yellow
0.55,5,130.66646639370984,0.01059060790184559,0.40636672565276893,orange
0.55,5,130.66646639370984,-0.15568625680897633,0.24674470823979963,red
0.55,5,130.66646639370984,0.03204601827465339,0.2982133052405458,yellow
0.55,5,130.66646639370984,-0.12589841438136182,0.08586938901027717,green
0.55,5,130.66646639370984,-0.1051831647483098,0.19990314202427553,yellow
0.55,5,130.66646639370984,-0.07806775498082001,0.36633989387497556,red
0.55,5,130.66646639370984,-0.2556996431450652,0.15493811782070896,red
0.55,5,130.66646639370984,-0.14262381084505785,0.0013386425793650565,blue
0.55,5,130.66646639370984,-0.11365329415308063,0.2895783849006205,orange
0.55,5,130.66646639370984,-0.12103008324532534,0.18137116215513316,red
0.55,5,130.66646639370984,-0.035559684960687434,0.29399614892086556,green
0.4,5,52.37310367853027,-0.37646278942036676,0.32585981815100445,orange
0.4,5,52.37310367853027,-0.9616140202241753,0.14632378273216542,orange
0.4,5,52.37310367853027,-0.7470767190093686,0.46826914889640137,blue
0.4,5,52.37310367853027,-0.3900953707798468,0.7046827492747412,blue
0.4,5,52.37310367853027,-0.06904816288618834,0.8122163794372471,green
0.4,5,52.37310367853027,-1.0425065505750177,0.36941666949041324,green
0.4,5,52.37310367853027,-0.1556730365336875,0.8399905230835727,blue
0.4,5,52.37310367853027,-0.25892812036169455,0.5688434507996551,green
0.4,5,52.37310367853027,-0.05616196379119692,-0.17261942365303115,red
0.4,5,52.37310367853027,-0.21430193996266747,0.9847547170343957,blue
0.4,5,52.37310367853027,-0.13310278608652862,0.3737412868659717,yellow
0.4,5,52.37310367853027,0.12824664944456418,0.2120414935560325,yellow
0.4,5,52.37310367853027,0.3998340704351467,-0.14299497605128014,orange
0.4,5,52.37310367853027,0.27591593436179984,-0.07331404413124255,yellow
0.4,5,52.37310367853027,0.016285804837653135,0.19029095516005837,orange
0.4,5,52.37310367853027,0.2372563845834825,0.12167712212097781,red
0.4,5,52.37310367853027,-0.04394354139260357,0.10575164667892155,yellow
0.4,5,52.37310367853027,0.06284059529419297,-0.18182540921541368,green
0.4,5,52.37310367853027,0.10165091059705195,-0.03868679936303589,yellow
0.4,5,52.37310367853027,0.09019686276412595,0.2103064659596572,red
0.4,5,52.37310367853027,0.33247026735174706,0.044825990401790916,red
0.4,5,52.37310367853027,0.08450001387105088,-0.36470290184701726,blue
0.4,5,52.37310367853027,0.10170658822005763,0.11775286705180243,orange
0.4,5,52.37310367853027,0.31987833287566486,-0.12617081923410592,red
0.4,5,52.37310367853027,0.0482444398927477,-0.17997727163224203,green
0.5,5,168.20638881749377,0.47143420098483335,0.06295519037440377,orange
0.5,5,168.20638881749377,0.18774851135638043,0.1813667672783903,orange
0.5,5,168.20638881749377,0.3216623909526357,-0.04023895994292978,blue
0.5,5,168.20638881749377,0.5491269366501719,-0.10332821759942448,blue
0.5,5,168.20638881749377,0.6584113888937763,-0.2033174772686966,green
0.5,5,168.20638881749377,0.21821699069629355,0.15414443297784347,green
0.5,5,168.20638881749377,0.6492510998951121,-0.19534842563137064,blue
0.5,5,168.20638881749377,0.4696355501409883,-0.12256141252611276,green
0.5,5,168.20638881749377,0.2125387717685404,-0.5171386108763215,red
0.5,5,168.20638881749377,0.719491816911234,-0.18753792759041096,blue
0.5,5,168.20638881749377,0.44143734548519825,-0.3245326652459646,yellow
0.5,5,168.20638881749377,0.15021955601452325,-0.057568554186531444,yellow
0.5,5,168.20638881749377,-0.1379861591664296,-0.13321705536166756,orange
0.5,5,168.20638881749377,0.0061956580835509645,-0.046075789594279055,yellow
0.5,5,168.20638881749377,0.4357214909085364,-0.5625329645965665,orange
0.5,5,168.20638881749377,0.19429587668098927,-0.38881733652716594,red
0.5,5,168.20638881749377,0.41381108036788683,-0.433880614083689,yellow
0.5,5,168.20638881749377,0.17231625303377926,0.17398854098938676,green
0.5,5,168.20638881749377,0.22544697038443443,-0.10816175087490165,yellow
0.5,5,168.20638881749377,0.31830749532526365,-0.5803612194188629,red
0.5,5,168.20638881749377,0.05018842590575216,-0.23578749324289083,red
0.5,5,168.20638881749377,0.1043999035294971,0.5670994772818725,blue
0.5,5,168.20638881749377,0.25654398061210604,-0.3952100446909233,orange
0.5,5,168.20638881749377,0.19539641988281808,0.24477868991886043,red
0.5,5,168.20638881749377,0.346936543633073,0.4172523069190886,green
0.004,5,9.288211078796882,1.2432679067285677,0.256978685111878,orange
0.004,5,9.288211078796882,0.9956936229928374,0.7972397622153382,orange
0.004,5,9.288211078796882,-0.29912155913760213,-0.02696809857389969,blue
0.004,5,9.288211078796882,0.09866992940255265,-0.3337086687024129,blue
0.004,5,9.288211078796882,0.5754280043721407,-1.2217421828021495,green
0.004,5,9.288211078796882,-0.20702446549815404,0.5750807578396184,green
0.004,5,9.288211078796882,0.6034673014826392,-0.6756579949992894,blue
0.004,5,9.288211078796882,0.2242495491865805,-0.9278879243235431,green
0.004,5,9.288211078796882,-1.0655148744543939,-1.6498580733072372,red
0.004,5,9.288211078796882,0.8911880541060586,-1.1583646034487782,blue
0.004,5,9.288211078796882,-0.17109631308298823,-1.0498422228554554,yellow
0.004,5,9.288211078796882,-0.7885926792173205,-0.24384590751473467,yellow
0.004,5,9.288211078796882,-1.3694687922157511,-0.15927322679549208,orange
0.004,5,9.288211078796882,-1.2221001154563438,0.11841468988732581,yellow
0.004,5,9.288211078796882,0.649808307239415,0.042352653247506915,orange
0.004,5,9.288211078796882,-0.08318591383442898,-0.4266045438591713,red
0.004,5,9.288211078796882,0.6311150498879236,0.6165764316531555,yellow
0.004,5,9.288211078796882,-0.4402248691346153,0.947862001268629,green
0.004,5,9.288211078796882,-0.32625263808547394,0.48465987089374,yellow
0.004,5,9.288211078796882,0.8515794314770417,-0.3329132796240653,red
0.004,5,9.288211078796882,-0.6023170310343702,-0.6091033848631489,red
0.004,5,9.288211078796882,-1.4930069500503882,1.2379350515595298,blue
0.004,5,9.288211078796882,0.2647465695500711,0.08478033016156807,orange
0.004,5,9.288211078796882,-1.097829967871439,-0.6940093973035432,red
0.004,5,9.288211078796882,-0.9005113046773131,0.8616724316707469,green
0.02,10,65.1047956742418,-0.7374455435363345,-0.3741121685904852,orange
0.02,10,65.1047956742418,-1.0649640724663252,0.025448941893290444,orange
0.02,10,65.1047956742418,0.08489652162816909,0.9708824710034063,blue
0.02,10,65.1047956742418,0.4064310077774889,0.5754243327563022,blue
0.02,10,65.1047956742418,0.6685302039405987,-0.4910151909839124,green
0.02,10,65.1047956742418,-0.6147301416320933,1.0301895350237884,green
0.02,10,65.1047956742418,0.7333638512887756,0.19317927081414746,blue
0.02,10,65.1047956742418,0.33900286290784365,-0.11515006986351449,green
0.02,10,65.1047956742418,-0.8145080405896264,-1.0670391642538426,red
0.02,10,65.1047956742418,1.0509592225461644,-0.18000051951328724,blue
0.02,10,65.1047956742418,-0.0410615437029841,-0.43900467556712375,yellow
0.02,10,65.1047956742418,-0.677002350283379,0.33672867278298074,yellow
0.02,10,65.1047956742418,-1.3842306358031176,0.40206084757991123,orange
0.02,10,65.1047956742418,-0.9871471553802498,0.7131010983462022,yellow
0.02,10,65.1047956742418,-0.11295491291038154,-1.1428210232778289,orange
0.02,10,65.1047956742418,-1.1298261592148091,-0.6840510782956956,red
0.02,10,65.1047956742418,0.2734086426707556,-0.8245762922737152,yellow
0.02,10,65.1047956742418,0.02310784931123496,0.26672124943747005,green
0.02,10,65.1047956742418,-0.3567943873959055,-0.05454013222257325,yellow
0.02,10,65.1047956742418,-0.5167663381536276,-1.4493411646111767,red
0.02,10,65.1047956742418,-1.4495486984580213,-0.3048424060301586,red
0.02,10,65.1047956742418,-0.21353514448171332,1.3479633428073252,blue
0.02,10,65.1047956742418,-0.42736167522898144,-0.759991366806153,orange
0.02,10,65.1047956742418,-1.753918038036511,0.09798361770363888,red
0.02,10,65.1047956742418,-0.2874336736359699,0.6523146548424805,green
0.1,5,117.65510656231791,0.3161208832981966,1.028453881815605,orange
0.1,5,117.65510656231791,-0.3027293793990016,1.0791266669694841,orange
0.1,5,117.65510656231791,-0.29315147616752885,-0.19850277158492097,blue
0.1,5,117.65510656231791,0.19364275907275202,-5.287326767969316e-4,blue
0.1,5,117.65510656231791,0.96899973820216,-0.14167196682212163,green
0.1,5,117.65510656231791,-0.6492089991507406,0.20481950559594347,green
0.1,5,117.65510656231791,0.670208148561561,0.05321571353407276,blue
0.1,5,117.65510656231791,0.540176501456824,-0.2859721151260279,green
0.1,5,117.65510656231791,0.29160895706701817,-1.4623141455383408,red
0.1,5,117.65510656231791,1.029090116556206,0.10976494932132384,blue
0.1,5,117.65510656231791,0.4645740735904892,-0.672181105659824,yellow
0.1,5,117.65510656231791,-0.357643079703671,-0.46695585202343154,yellow
0.1,5,117.65510656231791,-0.8666204775905229,-0.8365841184483559,orange
0.1,5,117.65510656231791,-0.7497594773208985,-0.43032496151228816,yellow
0.1,5,117.65510656231791,0.7530817099164925,-1.1668685039704287,orange
0.1,5,117.65510656231791,-0.1304912279813401,-1.3454580209385616,red
0.1,5,117.65510656231791,0.8449532156436954,-0.7254909381186104,yellow
0.1,5,117.65510656231791,0.1044060256245081,-0.11832185007678586,green
0.1,5,117.65510656231791,0.05872181039424807,-0.5359264175853744,yellow
0.1,5,117.65510656231791,0.5861808082085144,-1.5158935399219855,red
0.1,5,117.65510656231791,-0.5676533913610535,-1.2080242989011893,red
0.1,5,117.65510656231791,-0.500768098991411,0.5133284668865935,blue
0.1,5,117.65510656231791,0.3388588094713876,-1.0468124815745286,orange
0.1,5,117.65510656231791,-0.9822552460724633,-0.9570415080619662,red
0.1,5,117.65510656231791,-0.14811816252915033,0.03506838006409862,green
0.1,15,317.3638826640208,0.04292029679490341,-0.4245215139712632,orange
0.1,15,317.3638826640208,-0.5054629795140418,-0.33782171443364073,orange
0.1,15,317.3638826640208,-0.26975962810910314,1.1451358016367554,blue
0.1,15,317.3638826640208,0.2513099917167607,1.0126478787379032,blue
0.1,15,317.3638826640208,1.1098416334757917,0.41616578610153854,green
0.1,15,317.3638826640208,-0.8233818667811873,0.6973121419117914,green
0.1,15,317.3638826640208,0.7438345993890223,0.9493134020292319,blue
0.1,15,317.3638826640208,0.6163809168031342,0.47124556500225245,green
0.1,15,317.3638826640208,0.36005171226391064,-0.9730351001577355,red
0.1,15,317.3638826640208,1.194954036244791,0.9075401121583856,blue
0.1,15,317.3638826640208,0.5546477137518756,-0.005734619315075328,yellow
0.1,15,317.3638826640208,-0.4203348082762885,0.16717319511710801,yellow
0.1,15,317.3638826640208,-1.0124406625947955,-0.26773509258382466,orange
0.1,15,317.3638826640208,-0.8836666084227185,0.21977445646206256,yellow
0.1,15,317.3638826640208,0.9558354636378534,-0.6028788655315469,orange
0.1,15,317.3638826640208,-0.07391996756709851,-0.8988152668408403,red
0.1,15,317.3638826640208,1.0266843759510234,-0.0940732762152136,yellow
0.1,15,317.3638826640208,0.1227998859503196,0.5547262567043999,green
0.1,15,317.3638826640208,0.05991606176834622,0.05535881044536306,yellow
0.1,15,317.3638826640208,0.8314068670892703,-1.0550605929802659,red
0.1,15,317.3638826640208,-0.5643707037399166,-0.8417046924880652,red
0.1,15,317.3638826640208,-0.7644814847031409,1.1915634141113494,blue
0.1,15,317.3638826640208,0.4822992216711637,-0.501739314581502,orange
0.1,15,317.3638826640208,-1.0475466332930077,-0.7249555214848484,red
0.1,15,317.3638826640208,-0.31592616538428536,0.6461578243946742,green
0.004,25,183.89545568487773,-0.49364557131874565,-0.8754491281928873,orange
0.004,25,183.89545568487773,-0.8907121888576263,-0.566307487314446,orange
0.004,25,183.89545568487773,0.028303257349823675,0.6143529066478859,blue
0.004,25,183.89545568487773,0.42433796626518144,0.3084087393862361,blue
0.004,25,183.89545568487773,0.9061237825170613,-0.7006918888917216,green
0.004,25,183.89545568487773,-0.6704624757921622,0.5265621371098792,green
0.004,25,183.89545568487773,0.8221934383835848,-0.0023997297689521235,blue
0.004,25,183.89545568487773,0.5118131839942078,-0.3945664080533372,green
0.004,25,183.89545568487773,-0.40983015903777625,-1.5762533666002343,red
0.004,25,183.89545568487773,1.2140907455475771,-0.3077380875838726,blue
0.004,25,183.89545568487773,0.20410459100340533,-0.7864857553707894,yellow
0.004,25,183.89545568487773,-0.5834176393855289,-0.1723272190977671,yellow
0.004,25,183.89545568487773,-1.2866281905324624,-0.25974394528269634,orange
0.004,25,183.89545568487773,-0.9789570663368748,0.13308678858476894,yellow
0.004,25,183.89545568487773,0.2917956767303349,-1.488699562339653,orange
0.004,25,183.89545568487773,-0.8045976116046578,-1.2670795256916783,red
0.004,25,183.89545568487773,0.5983011434739053,-1.0965805680262404,yellow
0.004,25,183.89545568487773,0.1182363403143051,-0.08582624254274951,green
0.004,25,183.89545568487773,-0.18841831200622572,-0.47853844159220066,yellow
0.004,25,183.89545568487773,-0.019843107540096,-1.8818142939445153,red
0.004,25,183.89545568487773,-1.1964553134173774,-0.9620191624099597,red
0.004,25,183.89545568487773,-0.3625641659981047,0.9212961192926883,blue
0.004,25,183.89545568487773,-0.10240759702761452,-1.1803510667750918,orange
0.004,25,183.89545568487773,-1.5907414438263263,-0.6524228917454494,red
0.004,25,183.89545568487773,-0.2758057660784168,0.2205518130363975,green
0.02,5,2.5874307039950106,-0.051512639819480864,1.4661750456695846,orange
0.02,5,2.5874307039950106,-0.6381910618386495,1.4039079077699728,orange
0.02,5,2.5874307039950106,-0.3325044115912147,-0.07885007164311034,blue
0.02,5,2.5874307039950106,0.11478705926299142,0.17887431901709955,blue
0.02,5,2.5874307039950106,1.0610354055063116,0.38901046018569096,green
0.02,5,2.5874307039950106,-0.8459916772487015,0.24762959186500727,green
0.02,5,2.5874307039950106,0.6363682615460798,0.44572283746510544,blue
0.02,5,2.5874307039950106,0.6899800654488526,0.00780626847100477,green
0.02,5,2.5874307039950106,0.8672981500585405,-1.4250846325261757,red
0.02,5,2.5874307039950106,1.2962960936021446,0.3270119972498241,blue
0.02,5,2.5874307039950106,0.5078981858372655,-0.3321485970878665,yellow
0.02,5,2.5874307039950106,-0.2189797348600256,-0.7746379085173097,yellow
0.02,5,2.5874307039950106,-0.8675050558636461,-0.9639488946166649,orange
0.02,5,2.5874307039950106,-0.5981886814519201,-1.1795402307853955,yellow
0.02,5,2.5874307039950106,0.12526201657336186,0.6464781948882958,orange
0.02,5,2.5874307039950106,-0.6367814660906691,0.14473025104988096,red
0.02,5,2.5874307039950106,0.7823832577164701,0.32292120032256066,yellow
0.02,5,2.5874307039950106,0.4472194882756548,-0.7349454897617845,green
0.02,5,2.5874307039950106,-0.0020623598683755045,-0.4766613131521474,yellow
0.02,5,2.5874307039950106,-0.669566340738126,0.802453253890169,red
0.02,5,2.5874307039950106,-0.011390890567517967,0.44733689439269836,red
0.02,5,2.5874307039950106,0.5903018282234496,-1.5654434680974212,blue
0.02,5,2.5874307039950106,-0.6554611543706574,-0.04237443279467514,orange
0.02,5,2.5874307039950106,0.9054655903934438,0.28574721082328713,red
0.02,5,2.5874307039950106,0.27041769549758454,-0.9289435945082634,green
0.004,10,61.28974414295198,0.014094418803929004,-0.8026713151167872,orange
0.004,10,61.28974414295198,-0.4291566260773122,-0.5604486778476055,orange
0.004,10,61.28974414295198,0.28646673602359124,0.7450552190267362,blue
0.004,10,61.28974414295198,0.7254889901283662,0.5110962425157254,blue
0.004,10,61.28974414295198,1.3668564112676231,-0.40243958642643457,green
0.004,10,61.28974414295198,-0.3916271025724037,0.5492132547146564,green
0.004,10,61.28974414295198,1.1683251579760006,0.27232158461275374,blue
0.004,10,61.28974414295198,0.9253923306346489,-0.1667822655856755,green
0.004,10,61.28974414295198,0.21221605760846568,-1.4826367999311598,red
0.004,10,61.28974414295198,1.6054666015919923,0.0355328614181888,blue
0.004,10,61.28974414295198,0.6877918561695453,-0.6041455458227265,yellow
0.004,10,61.28974414295198,-0.19047581707758787,-0.12709496803579615,yellow
0.004,10,61.28974414295198,-0.8693483888276374,-0.3289682293460501,orange
0.004,10,61.28974414295198,-0.6279503664432106,0.11040739982953109,yellow
0.004,10,61.28974414295198,0.8878629131325395,-1.2833597681542384,orange
0.004,10,61.28974414295198,-0.22788760316365703,-1.2428215030900454,red
0.004,10,61.28974414295198,1.1258582441622909,-0.8425668884210638,yellow
0.004,10,61.28974414295198,0.48624564250560726,0.07214483364907051,green
0.004,10,61.28974414295198,0.24972437963743566,-0.36534281366147636,yellow
0.004,10,61.28974414295198,0.6443153191239547,-1.7196889429468591,red
0.004,10,61.28974414295198,-0.6679521661667349,-1.0066119525027588,red
0.004,10,61.28974414295198,-0.152353545118171,0.9877351025616504,blue
0.004,10,61.28974414295198,0.44974733999878314,-1.0431590321799136,orange
0.004,10,61.28974414295198,-1.1059037571532138,-0.7633832171401425,red
0.004,10,61.28974414295198,0.05265735122728895,0.3141632226837771,green
0.1,10,301.16364189387747,0.2349228240624735,-0.13731510699699845,orange
0.1,10,301.16364189387747,-0.3253043431794788,-0.0950656137696944,orange
0.1,10,301.16364189387747,-0.22700552565370907,1.3476070273347143,blue
0.1,10,301.16364189387747,0.32542656019136423,1.256815261484455,blue
0.1,10,301.16364189387747,1.2261851414376486,0.8182736692210496,green
0.1,10,301.16364189387747,-0.7074312010954105,0.8814629845625971,green
0.1,10,301.16364189387747,0.8120672400114002,1.284005347971759,blue
0.1,10,301.16364189387747,0.7315989601355898,0.7908368301956581,green
0.1,10,301.16364189387747,0.6181106465746043,-0.6548394610487142,red
0.1,10,301.16364189387747,1.255426132016377,1.2898151854541742,blue
0.1,10,301.16364189387747,0.736164509915232,0.30608820386079477,yellow
0.1,10,301.16364189387747,-0.25391920394033657,0.37405941716163693,yellow
0.1,10,301.16364189387747,-0.7723814329625518,-0.0980274506123681,orange
0.1,10,301.16364189387747,-0.683417429562293,0.41301418115642297,yellow
0.1,10,301.16364189387747,1.1761681012110046,-0.23065626675395573,orange
0.1,10,301.16364189387747,0.18228104151957533,-0.6214591996306886,red
0.1,10,301.16364189387747,1.2104300279940765,0.25771059926254,yellow
0.1,10,301.16364189387747,0.26695536962427996,0.8136437892817349,green
0.1,10,301.16364189387747,0.2596411008240828,0.3329422119323076,yellow
0.1,10,301.16364189387747,1.0941103286012674,-0.7273412800944494,red
0.1,10,301.16364189387747,-0.3013865201839901,-0.6208570380857702,red
0.1,10,301.16364189387747,-0.62897066053121,1.3697247122845422,blue
0.1,10,301.16364189387747,0.7199261893263017,-0.2061466138090462,orange
0.1,10,301.16364189387747,-0.7945603922982724,-0.49765786005188045,red
0.1,10,301.16364189387747,-0.18543695885147388,0.8684191006837332,green
0.02,15,57.31318426355294,-0.05584180082403753,-0.4546791903426083,orange
0.02,15,57.31318426355294,-0.35820002819419705,-0.04587924872268847,orange
0.02,15,57.31318426355294,0.8433506618604838,0.835596873732871,blue
0.02,15,57.31318426355294,1.139758861094142,0.4305313904409901,blue
0.02,15,57.31318426355294,1.3332265255875742,-0.6543127537359997,green
0.02,15,57.31318426355294,0.14585327451833593,0.9394615054429585,green
0.02,15,57.31318426355294,1.4402191576683956,0.030064224403018654,blue
0.02,15,57.31318426355294,1.0326200524762652,-0.2562666222191508,green
0.02,15,57.31318426355294,-0.1695864216938342,-1.1390984518908667,red
0.02,15,57.31318426355294,1.7360976372707104,-0.3599817863607234,blue
0.02,15,57.31318426355294,0.6351338296595351,-0.5531747633650974,yellow
0.02,15,57.31318426355294,0.04435972444757863,0.2510013737864443,yellow
0.02,15,57.31318426355294,-0.6601981887310199,0.3540068915979035,orange
0.02,15,57.31318426355294,-0.253039562218693,0.6437890167043426,yellow
0.02,15,57.31318426355294,0.5276736964909716,-1.2542188974905553,orange
0.02,15,57.31318426355294,-0.4605174909877954,-0.7467425734987466,red
0.02,15,57.31318426355294,0.9280776952787978,-0.9537119230341579,yellow
0.02,15,57.31318426355294,0.73674795604491,0.14422152554202247,green
0.02,15,57.31318426355294,0.3370898221820348,-0.15254912863425968,yellow
0.02,15,57.31318426355294,0.12255653553167321,-1.53822804113133,red
0.02,15,57.31318426355294,-0.757585804002926,-0.3498837187797234,red
0.02,15,57.31318426355294,0.5457271845701861,1.2408377907859989,blue
0.02,15,57.31318426355294,0.23528053466217738,-0.8508115431581021,orange
0.02,15,57.31318426355294,-1.0482261355515787,0.05759945180836451,red
0.02,15,57.31318426355294,0.4482849184985278,0.5419715108871379,green
0.004,15,121.01250410060277,-0.08986486892768465,-0.8265717679280601,orange
0.004,15,121.01250410060277,-0.5699355429439982,-0.6784857667523144,orange
0.004,15,121.01250410060277,-0.13639003116531243,0.7492876294615843,blue
0.004,15,121.01250410060277,0.3412265694290405,0.6062216006731268,blue
0.004,15,121.01250410060277,1.1534014528662018,-0.16119880978892523,green
0.004,15,121.01250410060277,-0.7603481226584187,0.4150038591344334,green
0.004,15,121.01250410060277,0.8234113447439292,0.4600436393317037,blue
0.004,15,121.01250410060277,0.6752801891709428,-0.01758115771386862,green
0.004,15,121.01250410060277,0.23748593352317726,-1.452084677213704,red
0.004,15,121.01250410060277,1.3001749672755718,0.31545830972612543,blue
0.004,15,121.01250410060277,0.5304352250492352,-0.49494388550297763,yellow
0.004,15,121.01250410060277,-0.42581609396652875,-0.20327939098259998,yellow
0.004,15,121.01250410060277,-1.0509599789695174,-0.5392262968450465,orange
0.004,15,121.01250410060277,-0.9044284635384814,-0.059928721208909345,yellow
0.004,15,121.01250410060277,0.8630507149902575,-1.1193494697418902,orange
0.004,15,121.01250410060277,-0.2389514394687836,-1.3041443027381892,red
0.004,15,121.01250410060277,1.0077310346797188,-0.6395343402218228,yellow
0.004,15,121.01250410060277,0.1975095493146739,0.1270622808337438,green
0.004,15,121.01250410060277,0.052459122332628096,-0.3496711502109015,yellow
0.004,15,121.01250410060277,0.7136729279552918,-1.5937442809242994,red
0.004,15,121.01250410060277,-0.7159356513035614,-1.1639929612388076,red
0.004,15,121.01250410060277,-0.6157694216937751,0.8959111678913899,blue
0.004,15,121.01250410060277,0.3846985353444076,-0.9724797575689909,orange
0.004,15,121.01250410060277,-1.1927943541313504,-1.0159233505150107,red
0.004,15,121.01250410060277,-0.2798423661294971,0.2742120325186187,green
0.1,25,326.071616368584,-0.4034855765925222,-0.3827413849704388,orange
0.1,25,326.071616368584,-0.9110683289202606,-0.1775011945065127,orange
0.1,25,326.071616368584,-0.37279318625651053,1.1935655253355213,blue
0.1,25,326.071616368584,0.12056937653463297,0.9763518270658037,blue
0.1,25,326.071616368584,0.8158334859174858,0.19281960958298747,green
0.1,25,326.071616368584,-0.98742693441423,0.8935382440110752,green
0.1,25,326.071616368584,0.5944674512732644,0.7983368232699527,blue
0.1,25,326.071616368584,0.35347384337641,0.35447654383225524,green
0.1,25,326.071616368584,-0.2144626711870704,-0.9841119827607738,red
0.1,25,326.071616368584,1.0154593065337187,0.651100946749786,blue
0.1,25,326.071616368584,0.19115698702362593,-0.09139300681873568,yellow
0.1,25,326.071616368584,-0.7145318082459404,0.292312487855094,yellow
0.1,25,326.071616368584,-1.3865273459865406,8.744005237141607e-4,orange
0.1,25,326.071616368584,-1.1533242506222494,0.4462116700040043,yellow
0.1,25,326.071616368584,0.4477507439334356,-0.7563724648814097,orange
0.1,25,326.071616368584,-0.6168845387408276,-0.8144472094950002,red
0.1,25,326.071616368584,0.6308017406178114,-0.2798945040483253,yellow
0.1,25,326.071616368584,-0.10373977941702328,0.5445885731077282,green
0.1,25,326.071616368584,-0.26567840590473585,0.10689543206889088,yellow
0.1,25,326.071616368584,0.22837259801671822,-1.1707446671863901,red
0.1,25,326.071616368584,-1.0766274656734962,-0.6341003780675282,red
0.1,25,326.071616368584,-0.7822024040582799,1.363560220361947,blue
0.1,25,326.071616368584,0.010213376130244143,-0.5620774391107874,orange
0.1,25,326.071616368584,-1.526604473521399,-0.4374239271023679,red
0.1,25,326.071616368584,-0.5242821272779543,0.7396977656847274,green
0.02,25,278.2092972389441,-0.374272197178107,-0.515316185991252,orange
0.02,25,278.2092972389441,-0.7009596176258188,-0.12425498045210254,orange
0.02,25,278.2092972389441,0.44533568635067383,0.8389296589390807,blue
0.02,25,278.2092972389441,0.7679514876715906,0.44970762279478416,blue
0.02,25,278.2092972389441,1.0275919590352836,-0.6303622426819225,green
0.02,25,278.2092972389441,-0.25771252198353195,0.8953112371955169,green
0.02,25,278.2092972389441,1.0967788885264236,0.06433481184594408,blue
0.02,25,278.2092972389441,0.7025903852038556,-0.250553031114558,green
0.02,25,278.2092972389441,-0.44607599531280345,-1.2070750643135029,red
0.02,25,278.2092972389441,1.4144304062697923,-0.31145953978411417,blue
0.02,25,278.2092972389441,0.32346088790879396,-0.5721225370767672,yellow
0.02,25,278.2092972389441,-0.31541730983993516,0.19734206233685278,yellow
0.02,25,278.2092972389441,-1.026748528410285,0.26122573229940826,orange
0.02,25,278.2092972389441,-0.6370325389473137,0.5749978929858017,yellow
0.02,25,278.2092972389441,0.2587937054874612,-1.2787340003391854,orange
0.02,25,278.2092972389441,-0.7604031120566249,-0.8301918122183896,red
0.02,25,278.2092972389441,0.6412146314234975,-0.9541687869873691,yellow
0.02,25,278.2092972389441,0.38262139442596593,0.13455060873201402,green
0.02,25,278.2092972389441,0.005259808265469265,-0.1855522283116888,yellow
0.02,25,278.2092972389441,-0.13122963714844552,-1.5892996541533724,red
0.02,25,278.2092972389441,-1.0799940741665712,-0.44832039196458723,red
0.02,25,278.2092972389441,0.13206359070587492,1.2176336285813734,blue
0.02,25,278.2092972389441,-0.059179626503881894,-0.8937166949622309,orange
0.02,25,278.2092972389441,-1.4002537833676854,-0.05914424204031908,red
0.02,25,278.2092972389441,0.06993603043825722,0.5170152246325117,green
