0.1,100,1,1.4945017968074317
0.1,100,2,1.0489452096728433
0.1,100,3,0.18622165376539387
0.1,100,4,0.07213093338820967
0.1,100,5,0.03842527907961954
0.1,100,6,0.021104175024219143
0.1,100,7,0.015262506315449566
0.1,100,8,0.011391260746320532
0.1,100,9,0.007798972210087258
0.1,100,10,0.00607043826501536
0.1,100,11,0.005061359685104522
0.1,100,12,0.004668628901576829
0.1,100,13,0.004042554920105956
0.1,100,14,0.0035676806701526245
0.1,100,15,0.0033763003457240055
0.1,10,1,0.8179353542876926
0.1,10,2,0.26297675538018517
0.1,10,3,0.039757066334457504
0.1,10,4,0.016521129069974255
0.1,10,5,0.00830140371420947
0.1,10,6,0.007002704757835704
0.1,10,9,0.005420261355840613
0.1,10,8,0.005403986996564073
0.1,10,7,0.006016780604476637
0.1,10,10,0.005420261355840613
0.3,10,1,0.8834770771051892
0.3,10,2,0.7758758711532237
0.3,10,3,0.3022477268138515
0.3,10,4,0.17245641117917174
0.3,10,6,0.05886181270847998
0.3,10,8,0.04935648301653889
0.3,10,10,0.04969466517889297
0.3,10,9,0.04969466517889297
0.3,10,5,0.07202663305635221
0.3,10,7,0.052104078900092485
0.3,100,1,1.5100074548341105
0.3,100,2,1.2763018282640124
0.3,100,3,0.968132009625019
0.3,100,4,0.45152670854921556
0.3,100,5,0.25295670619108035
0.3,100,6,0.1463432286974838
0.3,100,7,0.11414751062763884
0.3,100,8,0.08558772866100496
0.3,100,9,0.06653324505607783
0.3,100,10,0.05010512532768918
0.3,100,11,0.04243508633560369
0.3,100,12,0.03841786792115449
0.3,100,13,0.033784872354728594
0.3,100,14,0.03051746079752248
0.3,100,15,0.028485526085649467
0.3,1000,1,1.3741380201264675
0.3,1000,2,1.1291140244730036
0.3,1000,3,1.0176458149096677
0.3,1000,4,0.918879950184225
0.3,1000,5,0.8677901410064536
0.3,1000,6,0.6229530325230699
0.3,1000,7,0.44738337165207614
0.3,1000,8,0.28387843911085453
0.3,1000,9,0.20899235086385756
0.3,1000,10,0.20464637522209284
0.3,1000,11,0.1688924651255845
0.3,1000,12,0.12007237875460733
0.3,1000,13,0.12752377510891094
0.3,1000,14,0.07804439685041899
0.3,1000,15,0.07586796970569415
0.1,1000,1,1.3506560327869883
0.1,1000,2,1.0474795675995487
0.1,1000,3,0.7870663247582996
0.1,1000,4,0.39830340873002085
0.1,1000,5,0.32442928199679066
0.1,1000,6,0.11154058784717757
0.1,1000,8,0.06672169042221894
0.1,1000,7,0.07976009356311409
0.1,1000,9,0.04473011122039554
0.1,1000,10,0.03430333918689929
0.1,1000,11,0.030226268367347868
0.1,1000,12,0.02051499542165399
0.1,1000,13,0.02110272146934948
0.1,1000,14,0.015413118126536207
0.1,1000,15,0.012957757424818321
0.2,10,9,0.021594782189862476
0.2,10,8,0.021782547855310194
0.2,10,3,0.16113244283740247
0.2,10,2,0.7203809108928072
0.2,10,1,0.839352004661367
0.2,10,10,0.021594782189862476
0.2,100,1,1.498385377126036
0.2,10,5,0.032565614414261375
0.2,10,6,0.02700462610652834
0.2,10,4,0.07415987595914333
0.2,10,7,0.023621965412139432
0.2,100,2,1.232836384791346
0.2,100,3,0.5940610807739045
0.2,100,4,0.21964359634332953
0.2,100,5,0.12486212083223554
0.2,100,6,0.07203535062507715
0.2,100,7,0.05475519488128289
0.2,100,8,0.04258415668590497
0.2,100,9,0.03024946133553617
0.2,100,10,0.022915023485652962
0.2,1000,1,1.3607032458531516
0.2,1000,2,1.0985510670057868
0.2,1000,3,0.9572881182363895
0.2,1000,4,0.6862114184783544
0.2,1000,5,0.6042152018372012
0.2,1000,6,0.36517295571287023
0.2,1000,7,0.21087256572267635
0.2,1000,8,0.21167449968288934
0.2,1000,9,0.1332319516031013
0.2,1000,10,0.11546213852516499
0.2,100,11,0.019388326803394123
0.2,100,12,0.017827485451714094
0.2,100,13,0.015482521100976589
0.2,100,14,0.013891568131530469
0.2,100,15,0.012884970730257208
0.2,100,17,0.011224721712611432
0.2,100,16,0.011710736811864589
0.2,100,18,0.01032390381856555
0.2,100,19,0.009444046397110606
0.2,100,20,0.008843529027783882
0.2,1000,11,0.09829224775435146
0.2,1000,12,0.06620008485123104
0.2,1000,13,0.0645287586213523
0.2,1000,14,0.041870646998334295
0.2,1000,15,0.04070669472966103
0.2,1000,16,0.03477069352855611
0.2,1000,17,0.03398344630559482
0.2,1000,18,0.037130331637206235
0.2,1000,19,0.029671115084183228
0.2,1000,20,0.0256928696015048
0.3,100,16,0.025950918060976026
0.3,100,17,0.024928567394441915
0.3,100,18,0.0226133569199652
0.3,100,19,0.021104401481121308
0.3,100,20,0.019943506655404186
0.3,1000,16,0.06546328284125114
0.3,1000,17,0.06566406568263743
0.3,1000,18,0.0733146830930229
0.3,1000,19,0.059740839750748946
0.3,1000,20,0.049444653241122516
0.4,100,1,1.521055307650548
0.4,100,2,1.318816462757215
0.4,100,3,1.085114674451449
0.4,100,4,0.7551448909321332
0.4,100,5,0.45845932118129257
0.4,100,6,0.2435742749847291
0.4,100,7,0.18722392835338358
0.4,100,8,0.1399515967504502
0.4,100,10,0.08593348996235715
0.4,100,9,0.1097050829584667
0.4,100,11,0.07423618120872069
0.4,100,12,0.06458778708267573
0.4,100,13,0.05789979406669901
0.4,1000,1,1.3903663319182338
0.4,100,16,0.04547840035236831
0.4,100,14,0.0537882071355923
0.4,100,15,0.04886379091776433
0.4,100,17,0.04334729994025425
0.4,100,18,0.039485656338539794
0.4,100,20,0.03479966355515003
0.4,100,19,0.03687971062207231
0.4,1000,2,1.1603769898881782
0.4,1000,3,1.055445451896108
0.4,1000,4,0.975170621341867
0.4,1000,5,0.9148656014150347
0.4,1000,6,0.7441108118698652
0.4,1000,7,0.562984062082057
0.4,1000,8,0.42725762159534164
0.4,1000,9,0.3457440246023013
0.4,1000,10,0.30216685013487454
0.4,1000,10,0.3137778610599084
0.4,1000,11,0.2698855012056659
0.4,1000,12,0.17719804658066127
0.4,1000,13,0.1827669507573222
0.4,1000,14,0.12982097860034095
0.4,1000,15,0.12168237392030763
0.4,1000,16,0.1052233892932569
0.4,1000,17,0.10348232886922558
0.4,1000,18,0.1226457270249772
0.4,1000,19,0.0923949854564623
0.4,1000,20,0.07663790571361322
0.4,10,1,0.9177794921162655
0.4,10,3,0.40312965399422884
0.4,10,2,0.8484825079104207
0.4,10,4,0.2894760646840232
0.4,10,7,0.09142683998048769
0.4,10,5,0.1332727031535305
0.4,10,6,0.10042147289059676
0.4,10,9,0.08597507011879221
0.4,10,8,0.08752146269526756
0.4,10,10,0.08597507011879221
0.1,10000,1,1.3521721605779764
0.1,10000,2,1.036266138308454
0.1,10000,3,0.5553905375913204
0.1,10000,4,0.2727627481356825
0.1,10000,5,0.14684353820215434
0.1,10000,6,0.0870470055751446
0.1,10000,7,0.054288963119147264
0.1,10000,8,0.045840732598397695
0.1,10000,9,0.03401363934855163
0.1,10000,10,0.03010847868727556
0.2,10000,2,1.0998843833862058
0.2,10000,3,0.9471410363834238
0.2,10000,6,0.2809675783296201
0.2,10000,9,0.14896085267179832
0.2,10000,10,0.10682180970638402
0.2,10000,4,0.6640535973824622
0.2,10000,5,0.5210091347395696
0.2,10000,7,0.2610639544337155
0.2,10000,8,0.20351713103954117
0.3,10000,1,1.3715151123631095
0.3,10000,2,1.1339094786478536
0.3,10000,3,1.0136796317775667
0.3,10000,4,0.9090234363607501
0.3,10000,5,0.7258155629455426
0.3,10000,6,0.533966547451925
0.3,10000,7,0.43711948784202814
0.3,10000,8,0.357510334226681
0.3,10000,9,0.2900214372380983
0.3,10000,10,0.18837777444387127
0.4,10000,1,1.3867114584463467
0.4,10000,2,1.1633329776847454
0.4,10000,3,1.0537843186009432
0.4,10000,4,0.9746444381532856
0.4,10000,5,0.8694931908224376
0.4,10000,6,0.6494403445931851
0.4,10000,7,0.4547880488694896
0.4,10000,8,0.3614323411637537
0.4,10000,9,0.3017358635654243
0.1,100,16,0.0029962699282335575
0.1,100,17,0.002902258622935323
0.1,100,18,0.002651945655322492
0.1,100,19,0.002406849493157257
0.1,100,20,0.002242988965715331
0.1,1000,16,0.011751190904121921
0.1,1000,17,0.011061566157765003
0.1,1000,18,0.011160492278712837
0.1,1000,19,0.009541514435840436
0.1,1000,20,0.008181253921862175
0.2,10000,11,0.0937469667696011
