0.4,15,831.5208602477122,0.02065986656569567,-0.3162533480496367,orange
0.4,15,831.5208602477122,-0.412799548266133,-0.07340354024827885,orange
0.4,15,831.5208602477122,0.0340686151846058,0.7688644111299259,blue
0.4,15,831.5208602477122,0.3165732310669582,0.4086010332465697,blue
0.4,15,831.5208602477122,0.6518316159150029,0.0856860616070673,green
0.4,15,831.5208602477122,-0.4034167083505379,0.5036451823431192,green
0.4,15,831.5208602477122,0.602748511630109,0.3508026052954614,blue
0.4,15,831.5208602477122,0.3633925703762833,0.16331373951980158,green
0.4,15,831.5208602477122,-0.1111542930374216,-0.5463547826951076,red
0.4,15,831.5208602477122,0.8113181647930956,0.3374163156153605,blue
0.4,15,831.5208602477122,0.27096242737932963,-0.09389948396188326,yellow
0.4,15,831.5208602477122,-0.22130204080569316,0.2211320492195696,yellow
0.4,15,831.5208602477122,-0.7246004308344359,0.06606321904221803,orange
0.4,15,831.5208602477122,-0.45108916837872076,0.27464438667478525,yellow
0.4,15,831.5208602477122,0.3200046252807471,-0.5676533231845493,orange
0.4,15,831.5208602477122,-0.2286897887946101,-0.48082166221769024,red
0.4,15,831.5208602477122,0.47353810244086464,-0.25087040711371017,yellow
0.4,15,831.5208602477122,0.09484648542837756,0.33376760208526224,green
0.4,15,831.5208602477122,-0.02197802173009286,0.02279180994715576,yellow
0.4,15,831.5208602477122,0.14506399027745948,-0.7056859443687803,red
0.4,15,831.5208602477122,-0.5441569678587753,-0.3682413942691694,red
0.4,15,831.5208602477122,-0.26204253538500977,0.8291858159843283,blue
0.4,15,831.5208602477122,0.1245919540076163,-0.38133386144359194,orange
0.4,15,831.5208602477122,-0.7302131912243691,-0.09673363503886469,red
0.4,15,831.5208602477122,-0.0249417843818107,0.43199898407292514,green
0.25,15,927.3110886595574,0.08260489420918414,-0.4188184592242872,orange
0.25,15,927.3110886595574,-0.5525298166996561,-0.3582714060807218,orange
0.25,15,927.3110886595574,-0.4114980251167302,1.1390599937956447,blue
0.25,15,927.3110886595574,0.15805510485089938,0.9350512637392736,blue
0.25,15,927.3110886595574,0.9537276911626392,0.498727630488403,green
0.25,15,927.3110886595574,-0.9124687329981875,0.5884622709831199,green
0.25,15,927.3110886595574,0.6314172978132319,0.9433842981473112,blue
0.25,15,927.3110886595574,0.4686530164979207,0.48667879249081514,green
0.25,15,927.3110886595574,0.26277347417577074,-0.9052429630246184,red
0.25,15,927.3110886595574,1.0146572741799968,0.9888570691768223,blue
0.25,15,927.3110886595574,0.46269105198723604,0.036788510660746405,yellow
0.25,15,927.3110886595574,-0.4848704555694163,0.1672336586875462,yellow
0.25,15,927.3110886595574,-1.0738127687768273,-0.330696787717177,orange
0.25,15,927.3110886595574,-0.897513138633795,0.15012512362233324,yellow
0.25,15,927.3110886595574,0.8725837430600939,-0.5691016142708138,orange
0.25,15,927.3110886595574,-0.06550262938205952,-0.8659843633016331,red
0.25,15,927.3110886595574,0.9000160393839751,-0.041289701886894306,yellow
0.25,15,927.3110886595574,-0.024444543504237495,0.5511462408814586,green
0.25,15,927.3110886595574,-0.029325843848094686,0.0423224100562601,yellow
0.25,15,927.3110886595574,0.7264409308806175,-0.961020652958215,red
0.25,15,927.3110886595574,-0.5602644559115088,-0.8643627669059663,red
0.25,15,927.3110886595574,-0.9053099847905115,1.09285464009491,blue
0.25,15,927.3110886595574,0.42934027456593427,-0.46549228444943513,orange
0.25,15,927.3110886595574,-1.0311046211106496,-0.7063046107594984,red
0.25,15,927.3110886595574,-0.3683893104718892,0.6198870699265455,green
0.1,15,1056.4089936083421,-0.029923783112284594,-0.5442930052882721,orange
0.1,15,1056.4089936083421,-0.5738739584635052,-0.41348446542234735,orange
0.1,15,1056.4089936083421,-0.2278036189236962,1.0731950679471873,blue
0.1,15,1056.4089936083421,0.28997123652260587,0.8977620504100708,blue
0.1,15,1056.4089936083421,1.1144970350692622,0.23294564371564544,green
0.1,15,1056.4089936083421,-0.8237430451352995,0.6541578314502935,green
0.1,15,1056.4089936083421,0.7797391797929112,0.8020796168035624,blue
0.1,15,1056.4089936083421,0.6199170774850498,0.32669475245981516,green
0.1,15,1056.4089936083421,0.25401167881669057,-1.1168191601975728,red
0.1,15,1056.4089936083421,1.2364491831969229,0.726203935925207,blue
0.1,15,1056.4089936083421,0.523299589222565,-0.15303811564558406,yellow
0.1,15,1056.4089936083421,-0.4497180355385691,0.09011895247610445,yellow
0.1,15,1056.4089936083421,-1.0814339627870424,-0.30323783731031567,orange
0.1,15,1056.4089936083421,-0.9153265878717823,0.17851052596751407,yellow
0.1,15,1056.4089936083421,0.885489368800142,-0.7861479643083813,orange
0.1,15,1056.4089936083421,-0.17746087440577987,-1.0142908330934866,red
0.1,15,1056.4089936083421,0.9933456535867567,-0.27718832961811335,yellow
0.1,15,1056.4089936083421,0.12816800229816347,0.4452449122762116,green
0.1,15,1056.4089936083421,0.02689959970742922,-0.0549538669645518,yellow
0.1,15,1056.4089936083421,0.7300982546823851,-1.2364767481783272,red
0.1,15,1056.4089936083421,-0.6727640240076788,-0.9143152925358371,red
0.1,15,1056.4089936083421,-0.7218277328507581,1.1554388803429816,blue
0.1,15,1056.4089936083421,0.4139061463137564,-0.6525831833869276,orange
0.1,15,1056.4089936083421,-1.1531356285992829,-0.7613633285781868,red
0.1,15,1056.4089936083421,-0.30844662017346275,0.5665195296355703,green
0.1,25,1340.094178865972,-0.03307893428050921,-0.4343916049050075,orange
0.1,25,1340.094178865972,-0.5867433477600557,-0.3595776040981771,orange
0.1,25,1340.094178865972,-0.4043032856968391,1.1413458006268613,blue
0.1,25,1340.094178865972,0.14158209919092696,1.044093542926093,blue
0.1,25,1340.094178865972,1.0284501563051,0.4450169923851801,green
0.1,25,1340.094178865972,-0.935254772902707,0.6864991077372593,green
0.1,25,1340.094178865972,0.6508849243270111,0.9937413474396258,blue
0.1,25,1340.094178865972,0.5299315435559976,0.49229187122794393,green
0.1,25,1340.094178865972,0.30933162960326505,-0.9775756144124418,red
0.1,25,1340.094178865972,1.108575529423924,0.9529148200749299,blue
0.1,25,1340.094178865972,0.48313688037615654,0.008739904695280678,yellow
0.1,25,1340.094178865972,-0.5125429180022623,0.15528226329881462,yellow
0.1,25,1340.094178865972,-1.1011468446835322,-0.30002408624774524,orange
0.1,25,1340.094178865972,-0.9851755637122516,0.1980221797626163,yellow
0.1,25,1340.094178865972,0.9051592521192277,-0.5842545965325718,orange
0.1,25,1340.094178865972,-0.13092603641810852,-0.9164846862769834,red
0.1,25,1340.094178865972,0.9670659534753739,-0.06526242014181123,yellow
0.1,25,1340.094178865972,0.029620197595713396,0.5627802208384329,green
0.1,25,1340.094178865972,-0.019923585689522537,0.0854313826720786,yellow
0.1,25,1340.094178865972,0.796560936502926,-1.0539476568794592,red
0.1,25,1340.094178865972,-0.6343881929454244,-0.8509977133701973,red
0.1,25,1340.094178865972,-0.8504915451634361,1.2019850229552747,blue
0.1,25,1340.094178865972,0.4256111870942639,-0.5056783272061733,orange
0.1,25,1340.094178865972,-1.1289563431023715,-0.7746290727716795,red
0.1,25,1340.094178865972,-0.43676841845955733,0.6480896167686806,green
0.4,25,1230.1442397177552,0.38421595691804494,-0.3968638798499828,orange
0.4,25,1230.1442397177552,-0.3919657503083161,-0.5502679788506454,orange
0.4,25,1230.1442397177552,-0.7253478007747334,0.9006517907852127,blue
0.4,25,1230.1442397177552,0.013305193279908454,0.9084363769261941,blue
0.4,25,1230.1442397177552,0.8299317258603256,0.6851681882826508,green
0.4,25,1230.1442397177552,-0.9444400941463956,0.291690405274477,green
0.4,25,1230.1442397177552,0.507726327128537,1.0647485083854558,blue
0.4,25,1230.1442397177552,0.3781563518694362,0.5170310246142761,green
0.4,25,1230.1442397177552,0.48672172471072955,-0.8521601054593365,red
0.4,25,1230.1442397177552,0.7849423213147267,1.2137206756427643,blue
0.4,25,1230.1442397177552,0.5099039956146422,0.11633170520437416,yellow
0.4,25,1230.1442397177552,-0.45205581166286557,0.022082624272827114,yellow
0.4,25,1230.1442397177552,-0.9225950914502953,-0.6746184264353746,orange
0.4,25,1230.1442397177552,-0.7902494456522348,-0.13887088412352167,yellow
0.4,25,1230.1442397177552,1.0529511930437045,-0.4301501283845683,orange
0.4,25,1230.1442397177552,0.2502206051209273,-0.8817584545671332,red
0.4,25,1230.1442397177552,0.9400729179221468,0.13486522361382802,yellow
0.4,25,1230.1442397177552,-0.12569339854755826,0.4544887452116725,green
0.4,25,1230.1442397177552,-0.021971965078948136,0.06366313066416551,yellow
0.4,25,1230.1442397177552,0.9567169157738429,-0.8188079277532319,red
0.4,25,1230.1442397177552,-0.2749759609292127,-0.9629261012920063,red
0.4,25,1230.1442397177552,-0.9778963722759133,0.8602501109250545,blue
0.4,25,1230.1442397177552,0.6205219508439879,-0.43035888985372817,orange
0.4,25,1230.1442397177552,-0.7527165907272636,-0.9909658460212907,red
0.4,25,1230.1442397177552,-0.5148177925804931,0.4751777565430621,green
0.25,25,1339.4192960178837,-0.05593431401815055,-0.30152635593117016,orange
0.25,25,1339.4192960178837,-0.47999549045939466,-0.03750669773400171,orange
0.25,25,1339.4192960178837,0.10336382864573082,0.9517628673468536,blue
0.25,25,1339.4192960178837,0.4898654829718712,0.648834175330296,blue
0.25,25,1339.4192960178837,0.8746835724563589,0.01745237368951988,green
0.25,25,1339.4192960178837,-0.3765962524153087,0.7622129712256106,green
0.25,25,1339.4192960178837,0.8391187480986885,0.4606549133147879,blue
0.25,25,1339.4192960178837,0.5367097160606853,0.18397660420160966,green
0.25,25,1339.4192960178837,-0.09614407637848112,-0.710221501763086,red
0.25,25,1339.4192960178837,1.108232863008005,0.34213668317028084,blue
0.25,25,1339.4192960178837,0.3785203541154504,-0.1234601979192388,yellow
0.25,25,1339.4192960178837,-0.24258723778269645,0.30544368202357863,yellow
0.25,25,1339.4192960178837,-0.8347465334624213,0.1700900371667433,orange
0.25,25,1339.4192960178837,-0.5429213639997147,0.44299453588134063,yellow
0.25,25,1339.4192960178837,0.4489282275830793,-0.6934397156503476,orange
0.25,25,1339.4192960178837,-0.3135578553898007,-0.5644413480613095,red
0.25,25,1339.4192960178837,0.6647855793533493,-0.33270980385315707,yellow
0.25,25,1339.4192960178837,0.21983358138213255,0.396761161941756,green
0.25,25,1339.4192960178837,0.05617968953705712,0.10182272341229492,yellow
0.25,25,1339.4192960178837,0.20541269306074927,-0.924749549202031,red
0.25,25,1339.4192960178837,-0.6460784407462248,-0.3575224144393974,red
0.25,25,1339.4192960178837,-0.11672455808669524,1.0992710630741405,blue
0.25,25,1339.4192960178837,0.17245506529736584,-0.477662765282767,orange
0.25,25,1339.4192960178837,-0.9497676989680116,-0.13207521067205544,red
0.25,25,1339.4192960178837,-0.032075335002677466,0.6127973932622945,green
0.25,10,452.3445125481158,-0.041160631717480425,-0.38453272625389245,orange
0.25,10,452.3445125481158,-0.6696715175003172,-0.21536046411631402,orange
0.25,10,452.3445125481158,-0.3160764285222392,1.1094845692012134,blue
0.25,10,452.3445125481158,0.24528780363834232,0.7714027423520818,blue
0.25,10,452.3445125481158,0.9646377449906933,0.4382802348008641,green
0.25,10,452.3445125481158,-0.8118316020003516,0.7146590327593069,green
0.25,10,452.3445125481158,0.7197857841261083,0.8277452258615674,blue
0.25,10,452.3445125481158,0.49187710515459043,0.38428375283594823,green
0.25,10,452.3445125481158,0.0725340222839878,-0.9006572040105838,red
0.25,10,452.3445125481158,1.073592900483258,0.83340725950963,blue
0.25,10,452.3445125481158,0.4553432894174161,-0.06520883807995304,yellow
0.25,10,452.3445125481158,-0.4778897782855323,0.17967531193917013,yellow
0.25,10,452.3445125481158,-1.052123087294386,-0.17645655762700788,orange
0.25,10,452.3445125481158,-0.7873754079892658,0.28453765930893066,yellow
0.25,10,452.3445125481158,0.7403425823720188,-0.6643583864120908,orange
0.25,10,452.3445125481158,-0.21991533843977076,-0.8181623126407253,red
0.25,10,452.3445125481158,0.86614359131317,-0.22011388557575032,yellow
0.25,10,452.3445125481158,0.08702241395252337,0.4800477921766752,green
0.25,10,452.3445125481158,0.03164969526813382,0.04062268498013605,yellow
0.25,10,452.3445125481158,0.5376362051310013,-1.1131622670031616,red
0.25,10,452.3445125481158,-0.6831167762715111,-0.7641239699750214,red
0.25,10,452.3445125481158,-0.5815937051563942,1.1431078399588612,blue
0.25,10,452.3445125481158,0.3702433884302269,-0.5907727498357048,orange
0.25,10,452.3445125481158,-1.0833891789649719,-0.4390536373341064,red
0.25,10,452.3445125481158,-0.23355722665355455,0.6363491954253583,green
0.4,10,470.15584971329355,0.3443546756072955,-0.20000471605305964,orange
0.4,10,470.15584971329355,-0.3222000312653977,-0.45549483613051506,orange
0.4,10,470.15584971329355,-0.7148236173501777,0.5501066972502083,blue
0.4,10,470.15584971329355,0.02172583761518173,0.4662345851908331,blue
0.4,10,470.15584971329355,0.33711215864251876,0.8352681887793725,green
0.4,10,470.15584971329355,-0.8080777670611663,0.06290556689490286,green
0.4,10,470.15584971329355,0.153608436182406,0.8905500080063798,blue
0.4,10,470.15584971329355,0.1477160192830599,0.463558647914194,green
0.4,10,470.15584971329355,0.4131043134814157,-0.5903718976867038,red
0.4,10,470.15584971329355,0.2792217224094018,1.0796754018838661,blue
0.4,10,470.15584971329355,0.38287047828324117,0.1632916357154835,yellow
0.4,10,470.15584971329355,-0.3766377305189775,-0.1133074757225952,yellow
0.4,10,470.15584971329355,-0.6002803816322912,-0.6236349227581954,orange
0.4,10,470.15584971329355,-0.5490807016295922,-0.16275866063879765,yellow
0.4,10,470.15584971329355,0.8214806377498439,-0.1259439440876685,orange
0.4,10,470.15584971329355,0.27306242989281715,-0.6402596670401263,red
0.4,10,470.15584971329355,0.7169755170652524,0.19707241802605727,yellow
0.4,10,470.15584971329355,-0.12797520837292456,0.3325051811179196,green
0.4,10,470.15584971329355,0.06267535123397545,0.04127366646807666,yellow
0.4,10,470.15584971329355,0.8743799191583986,-0.5256338231767896,red
0.4,10,470.15584971329355,-0.06702543795916352,-0.8335857181979871,red
0.4,10,470.15584971329355,-0.8283295563816724,0.4942154428594865,blue
0.4,10,470.15584971329355,0.5947808037805322,-0.2716962752095207,orange
0.4,10,470.15584971329355,-0.49348398328788134,-0.6755264543256922,red
0.4,10,470.15584971329355,-0.33350893773660667,0.3549553083446228,green
0.55,15,744.2378117753077,0.09420631936101888,-0.36744670385723044,orange
0.55,15,744.2378117753077,-0.4375963164762134,-0.08506528085722584,orange
0.55,15,744.2378117753077,-0.026611387334633845,0.751358732884155,blue
0.55,15,744.2378117753077,0.30004436834784265,0.26924728295639005,blue
0.55,15,744.2378117753077,0.5813956176131407,0.1308624148075095,green
0.55,15,744.2378117753077,-0.45656769690895554,0.4190545386627512,green
0.55,15,744.2378117753077,0.5575439333789902,0.33097064602795623,blue
0.55,15,744.2378117753077,0.28967925653526383,0.16293560479714309,green
0.55,15,744.2378117753077,-0.14922409439023432,-0.5028856419318272,red
0.55,15,744.2378117753077,0.7417095961891321,0.37301156966556875,blue
0.55,15,744.2378117753077,0.23147334127532293,-0.09338049402073002,yellow
0.55,15,744.2378117753077,-0.22481460965446592,0.21463845165281054,yellow
0.55,15,744.2378117753077,-0.7509184453215909,0.026270121541046097,orange
0.55,15,744.2378117753077,-0.44155937182292593,0.20051665833080173,yellow
0.55,15,744.2378117753077,0.2377146899257914,-0.5786821849501094,orange
0.55,15,744.2378117753077,-0.21878697579064474,-0.47879341177812307,red
0.55,15,744.2378117753077,0.40786814874622085,-0.2470628811565262,yellow
0.55,15,744.2378117753077,0.031215008662300175,0.3463358029235963,green
0.55,15,744.2378117753077,-0.06361828577424254,0.017597216617688618,yellow
0.55,15,744.2378117753077,0.09531566508563485,-0.6567032396762552,red
0.55,15,744.2378117753077,-0.5490034965641756,-0.3697376706618894,red
0.55,15,744.2378117753077,-0.321544660057731,0.7922458214785999,blue
0.55,15,744.2378117753077,0.09428332264586292,-0.36881533361577673,orange
0.55,15,744.2378117753077,-0.7027515990472439,-0.052960115861561755,red
0.55,15,744.2378117753077,-0.04727892156972936,0.39799420126662277,green
0.55,25,1336.8994957716945,0.334681218455343,-0.44348363512164246,orange
0.55,25,1336.8994957716945,-0.5301805619745178,-0.2871382120292384,orange
0.55,25,1336.8994957716945,-0.3277173611484786,1.0295161101437291,blue
0.55,25,1336.8994957716945,0.36606150310415014,0.6939472993365344,blue
0.55,25,1336.8994957716945,0.8828406371890476,0.3381333827327973,green
0.55,25,1336.8994957716945,-0.6563530282467168,0.5519365827494188,green
0.55,25,1336.8994957716945,0.8079011679140273,0.7157641062453001,blue
0.55,25,1336.8994957716945,0.441491310823158,0.3139871422820632,green
0.55,25,1336.8994957716945,0.05574554324691498,-0.7972257646033037,red
0.55,25,1336.8994957716945,1.040487874169342,0.79313805661694,blue
0.55,25,1336.8994957716945,0.4469601682104025,-0.04616405439976165,yellow
0.55,25,1336.8994957716945,-0.3407178780240504,0.23713809826644144,yellow
0.55,25,1336.8994957716945,-1.0226363928386748,-0.2191952340238175,orange
0.55,25,1336.8994957716945,-0.6267983857545986,0.15527305884532533,yellow
0.55,25,1336.8994957716945,0.6527115933989084,-0.7359329293283758,orange
0.55,25,1336.8994957716945,-0.06184769127182965,-0.7688804934169853,red
0.55,25,1336.8994957716945,0.7721108438119072,-0.18521250913433948,yellow
0.55,25,1336.8994957716945,0.015983940141028448,0.4344469038826059,green
0.55,25,1336.8994957716945,-0.030639010254791647,0.10505379209729229,yellow
0.55,25,1336.8994957716945,0.4324420405008063,-0.9514641324283728,red
0.55,25,1336.8994957716945,-0.5484877547818934,-0.6387706085408787,red
0.55,25,1336.8994957716945,-0.4965563336907165,1.059997575621967,blue
0.55,25,1336.8994957716945,0.35053232373002213,-0.548570386987178,orange
0.55,25,1336.8994957716945,-0.9490518516644395,-0.4785871277205484,red
0.55,25,1336.8994957716945,-0.26051861005511295,0.5972853943556531,green
0.55,10,399.30779126029495,0.29285816076006965,-0.29133758600217285,orange
0.55,10,399.30779126029495,-0.4426991563582062,-0.2918060755380297,orange
0.55,10,399.30779126029495,-0.4785119370256259,0.6532561143180909,blue
0.55,10,399.30779126029495,0.28026896868509815,0.2501420272569468,blue
0.55,10,399.30779126029495,0.5118996079338162,0.6279255975491903,green
0.55,10,399.30779126029495,-0.6230278035557388,0.25549026448719864,green
0.55,10,399.30779126029495,0.4550145002969865,0.6944248358607658,blue
0.55,10,399.30779126029495,0.26827541932631976,0.31534669384689185,green
0.55,10,399.30779126029495,0.08822182990548948,-0.6253163501893749,red
0.55,10,399.30779126029495,0.5629556019517825,0.8407750987988042,blue
0.55,10,399.30779126029495,0.38755818022732547,-0.008834102325257269,yellow
0.55,10,399.30779126029495,-0.352037632889939,0.04926470656796528,yellow
0.55,10,399.30779126029495,-0.7422444387563147,-0.30844859402068997,orange
0.55,10,399.30779126029495,-0.4529696978185335,-0.009374128350062207,yellow
0.55,10,399.30779126029495,0.6430718238477211,-0.42629765854062396,orange
0.55,10,399.30779126029495,0.01924429190582151,-0.6249864315050199,red
0.55,10,399.30779126029495,0.647418623507637,-0.17591819250176768,yellow
0.55,10,399.30779126029495,0.0422568187999588,0.30627811980929004,green
0.55,10,399.30779126029495,0.10857130420587016,0.008207223100647268,yellow
0.55,10,399.30779126029495,0.5210199545229333,-0.7734753242556633,red
0.55,10,399.30779126029495,-0.37218328550266677,-0.6423550995543322,red
0.55,10,399.30779126029495,-0.4338379040972254,0.661069533354223,blue
0.55,10,399.30779126029495,0.4253003824089887,-0.47843072435116324,orange
0.55,10,399.30779126029495,-0.5053514262823928,-0.17443823170801923,red
0.55,10,399.30779126029495,-0.017813436977037952,0.45904530390605497,green
0.1,10,532.2413422349467,0.029498942980835028,-0.4921245258976988,orange
0.1,10,532.2413422349467,-0.535428916489935,-0.4928021161376473,orange
0.1,10,532.2413422349467,-0.5348075460291886,0.9815865513247881,blue
0.1,10,532.2413422349467,0.027690798486121798,0.9231764840616111,blue
0.1,10,532.2413422349467,0.9701596816278899,0.5392151851807099,green
0.1,10,532.2413422349467,-0.9886783024894774,0.4718739566860758,green
0.1,10,532.2413422349467,0.5196593142301538,0.9837934710439769,blue
0.1,10,532.2413422349467,0.4732603758653763,0.47861713226078156,green
0.1,10,532.2413422349467,0.45693551104970914,-0.9907811564370749,red
0.1,10,532.2413422349467,0.9702732431505192,1.018028758664384,blue
0.1,10,532.2413422349467,0.511470797919848,-0.010201639228860408,yellow
0.1,10,532.2413422349467,-0.4939625874794288,-0.013975549773471652,yellow
0.1,10,532.2413422349467,-0.9862985746825338,-0.5251397236537637,orange
0.1,10,532.2413422349467,-0.9336516823760395,-0.00511998630622057,yellow
0.1,10,532.2413422349467,0.9953825947046812,-0.5249770854826926,orange
0.1,10,532.2413422349467,0.017704688849660217,-0.9929842832319321,red
0.1,10,532.2413422349467,0.9952747407279918,-0.026399818997212266,yellow
0.1,10,532.2413422349467,0.0024787838051104913,0.4682656023328882,green
0.1,10,532.2413422349467,0.026717283387373295,-0.019772728931482093,yellow
0.1,10,532.2413422349467,0.950879211615906,-1.0378493482039108,red
0.1,10,532.2413422349467,-0.4751464727408225,-1.0225172408448628,red
0.1,10,532.2413422349467,-0.9444624509312175,0.9671769491170844,blue
0.1,10,532.2413422349467,0.5345568467477663,-0.5370146567306984,orange
0.1,10,532.2413422349467,-0.9811659530879311,-0.9352916864034723,red
0.1,10,532.2413422349467,-0.45571614760123086,0.4887385874271858,green
0.1,5,120.94650717205143,0.017004668095486314,-0.5295849246207417,orange
0.1,5,120.94650717205143,-0.5985941050226301,-0.4563520619051643,orange
0.1,5,120.94650717205143,-0.39506123684935573,0.9436204518715816,blue
0.1,5,120.94650717205143,0.161187165953089,0.872362871639073,blue
0.1,5,120.94650717205143,0.9997484713431359,0.3234597776394128,green
0.1,5,120.94650717205143,-0.8962082752340548,0.4921353008080551,green
0.1,5,120.94650717205143,0.6421585702644287,0.8031618451764876,blue
0.1,5,120.94650717205143,0.47685354893494736,0.36966177823011503,green
0.1,5,120.94650717205143,0.38729421476192677,-1.0430308767856586,red
0.1,5,120.94650717205143,1.058019662591206,0.7764040111121718,blue
0.1,5,120.94650717205143,0.5106595825369897,-0.12066521642694483,yellow
0.1,5,120.94650717205143,-0.45866408225850785,0.014751509279217444,yellow
0.1,5,120.94650717205143,-1.010124979109184,-0.47519389285309815,orange
0.1,5,120.94650717205143,-0.9135644461955054,0.010440231585255727,yellow
0.1,5,120.94650717205143,0.866319168958813,-0.7010010737219374,orange
0.1,5,120.94650717205143,-0.11932781207356039,-0.993061586241749,red
0.1,5,120.94650717205143,0.9366196168579691,-0.18190408423815527,yellow
0.1,5,120.94650717205143,0.028369872722265963,0.4355307482688685,green
0.1,5,120.94650717205143,0.01997219827528738,-0.046772135627254886,yellow
0.1,5,120.94650717205143,0.7304592392656595,-1.1226058051498082,red
0.1,5,120.94650717205143,-0.6310786406928607,-0.8852736563000101,red
0.1,5,120.94650717205143,-0.7334988807786869,1.1015657324926293,blue
0.1,5,120.94650717205143,0.4047153377577099,-0.6111693581671835,orange
0.1,5,120.94650717205143,-1.1252692019149129,-0.6389184500005421,red
0.1,5,120.94650717205143,-0.24401476725609134,0.5817174323148301,green
0.25,5,160.23235067808335,0.2436063224999536,-0.22822399169281438,orange
0.25,5,160.23235067808335,-0.2579194634107804,-0.5110725895496151,orange
0.25,5,160.23235067808335,-0.6564608628136296,0.34258007029547366,blue
0.25,5,160.23235067808335,-0.2367547517504072,0.5561629816939856,blue
0.25,5,160.23235067808335,0.3547631756958912,0.6193159153522968,green
0.25,5,160.23235067808335,-0.7217590174423819,-0.10861703738745183,green
0.25,5,160.23235067808335,0.0660432026142234,0.7171252425365626,blue
0.25,5,160.23235067808335,0.021966239240220693,0.39801445878546193,green
0.25,5,160.23235067808335,0.5849524379436539,-0.3770749435083876,red
0.25,5,160.23235067808335,0.2320775090017372,0.844330659623238,blue
0.25,5,160.23235067808335,0.31133094379524545,0.1718671826311711,yellow
0.25,5,160.23235067808335,-0.3045721205615775,-0.12217083348762615,yellow
0.25,5,160.23235067808335,-0.4040415290773826,-0.6508590302661075,orange
0.25,5,160.23235067808335,-0.49148343322237864,-0.33220264944082345,yellow
0.25,5,160.23235067808335,0.6921276708245946,-0.1054106093976703,orange
0.25,5,160.23235067808335,0.23673404943927195,-0.5492130167548774,red
0.25,5,160.23235067808335,0.5426991924173898,0.23428985615091585,yellow
0.25,5,160.23235067808335,-0.21743772672774775,0.2823188154768495,green
0.25,5,160.23235067808335,-0.0029773125264571845,0.03404434983214178,yellow
0.25,5,160.23235067808335,0.6718541315332053,-0.3631605857743018,red
0.25,5,160.23235067808335,-0.14058246282776843,-0.6414296398340765,red
0.25,5,160.23235067808335,-0.7506336888706759,0.5184103800214608,blue
0.25,5,160.23235067808335,0.3887192979013549,-0.19648527800832025,orange
0.25,5,160.23235067808335,-0.5648475729338294,-0.4996834986534636,red
0.25,5,160.23235067808335,-0.2924712099222582,0.42521249611168976,green
0.55,5,241.6684056831591,0.07981918023284867,0.13652462453079842,orange
0.55,5,241.6684056831591,-0.22022530909413407,0.0166097465807197,orange
0.55,5,241.6684056831591,-0.0995080803363358,0.06340677056679976,blue
0.55,5,241.6684056831591,0.09078951733210924,-0.07616329340817243,blue
0.55,5,241.6684056831591,0.1831688643851576,-0.09819261736055371,green
0.55,5,241.6684056831591,-0.22753930823883398,-0.05108611351245648,green
0.55,5,241.6684056831591,0.1755747397216001,-0.093495021212301,blue
0.55,5,241.6684056831591,0.06411798753378427,-0.03506916209828748,green
0.55,5,241.6684056831591,0.03570663261350207,0.15514656459872522,red
0.55,5,241.6684056831591,0.20571961511627926,-0.13103514300837135,blue
0.55,5,241.6684056831591,0.11846429563171468,0.052221788818001935,yellow
0.55,5,241.6684056831591,-0.07630970229436106,-6.179971576689188e-4,yellow
0.55,5,241.6684056831591,-0.1950211049121163,0.14141643501957177,orange
0.55,5,241.6684056831591,-0.14795886235371108,0.05249725877555149,yellow
0.55,5,241.6684056831591,0.17233832054677228,0.20668995743049376,orange
0.55,5,241.6684056831591,0.0638854816194893,0.16155247214127688,red
0.55,5,241.6684056831591,-0.002396194462197925,0.10609737029717872,yellow
0.55,5,241.6684056831591,-0.1553127974759458,-0.13215384162836244,green
0.55,5,241.6684056831591,-0.015284234734686793,0.03241339584204947,yellow
0.55,5,241.6684056831591,0.16798669052719184,0.23842351915295842,red
0.55,5,241.6684056831591,0.07442822767386251,0.15045878022734108,red
0.55,5,241.6684056831591,-0.2694066716266781,-0.2764398652938222,blue
0.55,5,241.6684056831591,0.11388635198331286,0.17000332158648868,orange
0.55,5,241.6684056831591,-0.1627875249176647,-0.07783597660063099,red
0.55,5,241.6684056831591,-0.19765678199021594,-0.17113892055742594,green
0.4,5,126.34273516024511,0.1064348039969446,-0.08260764114725737,orange
0.4,5,126.34273516024511,-0.026439776180768197,-0.6738496009119518,orange
0.4,5,126.34273516024511,-0.2499535730658833,-0.10162910457363117,blue
0.4,5,126.34273516024511,-0.35263032803424593,0.32238672682033787,blue
0.4,5,126.34273516024511,-0.26010491086605875,0.6714464362388248,green
0.4,5,126.34273516024511,-0.34510876031564947,-0.5170349607050551,green
0.4,5,126.34273516024511,-0.34526655671413653,0.6225556254806554,blue
0.4,5,126.34273516024511,-0.24140266700710342,0.29705844188205455,green
0.4,5,126.34273516024511,0.7031530583121507,0.21938064412808933,red
0.4,5,126.34273516024511,-0.41857231008159956,0.7718738840438497,blue
0.4,5,126.34273516024511,0.1288600731414309,0.41428522259609457,yellow
0.4,5,126.34273516024511,-0.10550376039879744,-0.2773945866291856,yellow
0.4,5,126.34273516024511,0.26428788126112307,-0.7296408649862893,orange
0.4,5,126.34273516024511,-0.018751873611412912,-0.5279629594174118,yellow
0.4,5,126.34273516024511,0.5631961113761622,0.44311699362965806,orange
0.4,5,126.34273516024511,0.5259027675928274,-0.11877679890678948,red
0.4,5,126.34273516024511,0.20364210790976658,0.49296768109635686,yellow
0.4,5,126.34273516024511,-0.4059293263970264,-0.0197138621937296,green
0.4,5,126.34273516024511,-0.01820889638783319,0.032326801328240264,yellow
0.4,5,126.34273516024511,0.6547587757436338,0.2619241933628164,red
0.4,5,126.34273516024511,0.40773770434252227,-0.38627881823687554,red
0.4,5,126.34273516024511,-0.8934140628529489,-0.2615636896351846,blue
0.4,5,126.34273516024511,0.4262166587619189,0.1640953985159673,orange
0.4,5,126.34273516024511,-0.19657759810631503,-0.4362529108747653,red
0.4,5,126.34273516024511,-0.6274813839253787,0.09977412881524111,green
0.02,15,1082.2680023584207,-0.5088744599069066,-0.0698853122668741,orange
0.02,15,1082.2680023584207,-0.40564833650047694,-0.5716524086409411,orange
0.02,15,1082.2680023584207,1.0694768407743263,-0.2683387123911577,blue
0.02,15,1082.2680023584207,0.9573164027455784,0.22797044721041446,blue
0.02,15,1082.2680023584207,0.2747302843967258,1.0990827933493639,green
0.02,15,1082.2680023584207,0.671158897852466,-0.8568408057438068,green
0.02,15,1082.2680023584207,0.8592895215286277,0.7188275164986238,blue
0.02,15,1082.2680023584207,0.37154311462351947,0.6081745191380895,green
0.02,15,1082.2680023584207,-1.094613791497624,0.3008512390979838,red
0.02,15,1082.2680023584207,0.765976479069404,1.2012064631244033,blue
0.02,15,1082.2680023584207,-0.11690609370116005,0.5108863650764337,yellow
0.02,15,1082.2680023584207,0.08812982851152278,-0.4692405420655787,yellow
0.02,15,1082.2680023584207,-0.3061813542885562,-1.0648096016305566,orange
0.02,15,1082.2680023584207,0.183153073000261,-0.9537774759303498,yellow
0.02,15,1082.2680023584207,-0.713557502508248,0.8978354442522722,orange
0.02,15,1082.2680023584207,-0.9959207226488663,-0.177918057474661,red
0.02,15,1082.2680023584207,-0.21919332387342574,0.9971413192094596,yellow
0.02,15,1082.2680023584207,0.47347639165693717,0.11670458954573261,green
0.02,15,1082.2680023584207,-0.018897944437913147,0.019310447751304017,yellow
0.02,15,1082.2680023584207,-1.1967921514944524,0.7877949190362458,red
0.02,15,1082.2680023584207,-0.8979648555744079,-0.6686863512945075,red
0.02,15,1082.2680023584207,1.163661209488499,-0.7602927989019924,blue
0.02,15,1082.2680023584207,-0.6086275550963443,0.4110335598337693,orange
0.02,15,1082.2680023584207,-0.7897310975965549,-1.1578117836930366,red
0.02,15,1082.2680023584207,0.5756648474738799,-0.3630754875363787,green
0.004,15,1025.7811932799743,0.4650577825213975,-0.11320419720409325,orange
0.004,15,1025.7811932799743,0.3522331427077674,-0.6027875348965159,orange
0.004,15,1025.7811932799743,-1.1108530233889748,-0.2650844441225764,blue
0.004,15,1025.7811932799743,-0.9960478019832337,0.22353937464363427,blue
0.004,15,1025.7811932799743,-0.28540879641534755,1.083981141487609,green
0.004,15,1025.7811932799743,-0.7343171432203017,-0.8643395203238027,green
0.004,15,1025.7811932799743,-0.8841353899574887,0.7110588421500157,blue
0.004,15,1025.7811932799743,-0.3971945693429916,0.5965447563295816,green
0.004,15,1025.7811932799743,1.0639687535437639,0.25807652660314956,red
0.004,15,1025.7811932799743,-0.7729794400038219,1.1968549735014742,blue
0.004,15,1025.7811932799743,0.08983156512479404,0.48471329835963345,yellow
0.004,15,1025.7811932799743,-0.13597780114171998,-0.48989872558833447,yellow
0.004,15,1025.7811932799743,0.23987243781448542,-1.0906539536539952,orange
0.004,15,1025.7811932799743,-0.24729793121051205,-0.9761103007625798,yellow
0.004,15,1025.7811932799743,0.6906986158187841,0.8590519355540739,orange
0.004,15,1025.7811932799743,0.9519260084580567,-0.2269975281571458,red
0.004,15,1025.7811932799743,0.20255961463336483,0.9712964826846352,yellow
0.004,15,1025.7811932799743,-0.5099749858533238,0.10890887979361974,green
0.004,15,1025.7811932799743,-0.02218014367122345,-0.002914621550279351,yellow
0.004,15,1025.7811932799743,1.1766571717049383,0.744832966787597,red
0.004,15,1025.7811932799743,0.839793641902368,-0.7145380692486835,red
0.004,15,1025.7811932799743,-1.2219471118556766,-0.7528362649170244,blue
0.004,15,1025.7811932799743,0.5775866879038326,0.3725372503565116,orange
0.004,15,1025.7811932799743,0.7259952536077569,-1.2015386190652042,red
0.004,15,1025.7811932799743,-0.6226676251055521,-0.3763875959632722,green
0.02,10,617.8170620021233,-0.5377294098365863,-0.07909632306307236,orange
0.02,10,617.8170620021233,-0.4241566347054838,-0.5814437370203881,orange
0.02,10,617.8170620021233,1.0394046338397733,-0.2499869272242532,blue
0.02,10,617.8170620021233,0.9154641313359088,0.24947942555996316,blue
0.02,10,617.8170620021233,0.22792263243584973,1.1105181236568429,green
0.02,10,617.8170620021233,0.6564499092783211,-0.8407060074911914,green
0.02,10,617.8170620021233,0.8155704637668458,0.7402591365938452,blue
0.02,10,617.8170620021233,0.3278654545671696,0.6193408141660762,green
0.02,10,617.8170620021233,-1.1334174527788212,0.28553655433082886,red
0.02,10,617.8170620021233,0.7140656350942575,1.2204970161408075,blue
0.02,10,617.8170620021233,-0.16131241867653748,0.5167522637301251,yellow
0.02,10,617.8170620021233,0.06041691478009846,-0.4633609030867043,yellow
0.02,10,617.8170620021233,-0.3215995343573341,-1.0619343035720914,orange
0.02,10,617.8170620021233,0.16930351617359002,-0.9399702752759989,yellow
0.02,10,617.8170620021233,-0.7633345554408305,0.8912785228580888,orange
0.02,10,617.8170620021233,-1.0257745535557496,-0.1923848745601757,red
0.02,10,617.8170620021233,-0.2738885434166713,1.001776959409619,yellow
0.02,10,617.8170620021233,0.43594844515235354,0.1349123567453614,green
0.02,10,617.8170620021233,-0.052491101618769916,0.029950573774109267,yellow
0.02,10,617.8170620021233,-1.2532711838125157,0.7702835788127015,red
0.02,10,617.8170620021233,-0.920723466492636,-0.6807512781922458,red
0.02,10,617.8170620021233,1.143930545468984,-0.7235063425543643,blue
0.02,10,617.8170620021233,-0.6554331987266157,0.40975708716574194,orange
0.02,10,617.8170620021233,-0.7937068171180305,-1.1678878061900282,red
0.02,10,617.8170620021233,0.548492275257605,-0.34536446261404824,green
0.02,25,1345.031796509383,-0.4675055728824622,-0.0660600195626773,orange
0.02,25,1345.031796509383,-0.3523778020131626,-0.5647539499955732,orange
0.02,25,1345.031796509383,1.1132408533968832,-0.22871044251202313,blue
0.02,25,1345.031796509383,0.9935690672086904,0.26877679516212555,blue
0.02,25,1345.031796509383,0.2857557937382564,1.1225821166637067,green
0.02,25,1345.031796509383,0.7329880160067368,-0.8226886058466282,green
0.02,25,1345.031796509383,0.8829186734241631,0.7596637220765518,blue
0.02,25,1345.031796509383,0.3952256088023793,0.6349919843311354,green
0.02,25,1345.031796509383,-1.0630498602862992,0.2916410937255282,red
0.02,25,1345.031796509383,0.7753838588518697,1.2390998864711134,blue
0.02,25,1345.031796509383,-0.08997841641518702,0.525720123627436,yellow
0.02,25,1345.031796509383,0.13935521619828253,-0.4497184163167292,yellow
0.02,25,1345.031796509383,-0.2405033507998551,-1.0553348762986658,orange
0.02,25,1345.031796509383,0.2465954718987504,-0.9323580455032319,yellow
0.02,25,1345.031796509383,-0.6964364527338434,0.8981759312402496,orange
0.02,25,1345.031796509383,-0.9520739197139548,-0.18508006912053,red
0.02,25,1345.031796509383,-0.20424283451075936,1.0106204389956432,yellow
0.02,25,1345.031796509383,0.509636351916186,0.14603673498988637,green
0.02,25,1345.031796509383,0.025370169230953428,0.03748615538426189,yellow
0.02,25,1345.031796509383,-1.177899906854936,0.7767353649482163,red
0.02,25,1345.031796509383,-0.8391142517380015,-0.673386502185016,red
0.02,25,1345.031796509383,1.224427687452347,-0.7063719784940637,blue
0.02,25,1345.031796509383,-0.5810781222935937,0.4143610169677368,orange
0.02,25,1345.031796509383,-0.7240062504668036,-1.160457567955375,red
0.02,25,1345.031796509383,0.6256237210810627,-0.3344986387123029,green
0.004,25,1081.1615109831237,0.47995632993171755,-0.10288614518725464,orange
0.004,25,1081.1615109831237,0.36618639280919507,-0.5922330114872877,orange
0.004,25,1081.1615109831237,-1.0956850775682834,-0.25246907120983414,blue
0.004,25,1081.1615109831237,-0.9808916908726666,0.2365721893980521,blue
0.004,25,1081.1615109831237,-0.2680012755853741,1.0955387825043916,green
0.004,25,1081.1615109831237,-0.720879291117371,-0.851537704646272,green
0.004,25,1081.1615109831237,-0.867985043354502,0.7242917870801409,blue
0.004,25,1081.1615109831237,-0.38080641718168273,0.6084899653168401,green
0.004,25,1081.1615109831237,1.079537576493902,0.2673356566139337,red
0.004,25,1081.1615109831237,-0.7555754413208398,1.2096272733901057,blue
0.004,25,1081.1615109831237,0.10586737814663272,0.49588921083985255,yellow
0.004,25,1081.1615109831237,-0.12176399784841682,-0.47836376040373646,yellow
0.004,25,1081.1615109831237,0.2528990865920405,-1.079790362447538,orange
0.004,25,1081.1615109831237,-0.23405567629201987,-0.9643524195187161,yellow
0.004,25,1081.1615109831237,0.7074191332848755,0.8690157481767066,orange
0.004,25,1081.1615109831237,0.9665438976924283,-0.21748412843153933,red
0.004,25,1081.1615109831237,0.2194324642785172,0.9823380829658055,yellow
0.004,25,1081.1615109831237,-0.49449333699938236,0.12112071090873783,green
0.004,25,1081.1615109831237,-0.008072306041731746,0.00869488866242044,yellow
0.004,25,1081.1615109831237,1.1932769798668454,0.7539131486423664,red
0.004,25,1081.1615109831237,0.8529075440182196,-0.7047489537163177,red
0.004,25,1081.1615109831237,-1.2086438166842604,-0.7376911848191241,blue
0.004,25,1081.1615109831237,0.5936404967670368,0.3827719770899782,orange
0.004,25,1081.1615109831237,0.7390819342536519,-1.1917118241847773,red
0.004,25,1081.1615109831237,-0.6085534926322314,-0.36448316924588964,green
0.5,15,901.9097657984242,0.18782744612935853,-0.385738789656615,orange
0.5,15,901.9097657984242,0.4739950738036153,0.20582608995376309,orange
0.5,15,901.9097657984242,-0.47885790797998257,0.7214211039057594,blue
0.5,15,901.9097657984242,-0.4925847153660089,0.09653170553211295,blue
0.5,15,901.9097657984242,-0.6354061894230875,-0.28601799803732303,green
0.5,15,901.9097657984242,0.11137894248915675,0.7010802810379483,green
0.5,15,901.9097657984242,-0.7592585546612611,-0.056299242729231716,blue
0.5,15,901.9097657984242,-0.3958836356609726,-0.05746153663528797,green
0.5,15,901.9097657984242,0.484786127317878,-0.4105660726372158,red
0.5,15,901.9097657984242,-0.9633885654544108,-0.14857880570519988,blue
0.5,15,901.9097657984242,-0.15701183360079063,-0.2541811027924724,yellow
0.5,15,901.9097657984242,0.08334993993314495,0.34989503817088563,yellow
0.5,15,901.9097657984242,0.698466934882442,0.5139045977771276,orange
0.5,15,901.9097657984242,0.28296491936355633,0.49250899789658314,yellow
0.5,15,901.9097657984242,0.12948060671755632,-0.7328683158457543,orange
0.5,15,901.9097657984242,0.5359936307324582,-0.322095932415189,red
0.5,15,901.9097657984242,-0.24148857570493007,-0.5236235434958899,yellow
0.5,15,901.9097657984242,-0.2579528822898013,0.28706833350592253,green
0.5,15,901.9097657984242,0.04868915739198457,0.046464910128869066,yellow
0.5,15,901.9097657984242,0.3282419890025708,-0.7200952946151643,red
0.5,15,901.9097657984242,0.7734893920911037,-0.002331570329733023,red
0.5,15,901.9097657984242,-0.21222509779975965,0.9703614364764339,blue
0.5,15,901.9097657984242,0.1604570534319373,-0.4269594476664014,orange
0.5,15,901.9097657984242,0.7381419598906674,0.38163253251988466,red
0.5,15,901.9097657984242,-0.21743910955198156,0.41383829982279186,green
0.004,10,604.8115472074611,0.463357760161296,-0.10259590195421932,orange
0.004,10,604.8115472074611,0.34669509494556783,-0.5919008909714891,orange
0.004,10,604.8115472074611,-1.1126098081464004,-0.24318568924823075,blue
0.004,10,604.8115472074611,-0.9937575867933816,0.24559531990225175,blue
0.004,10,604.8115472074611,-0.2787787723974698,1.1012423369078934,green
0.004,10,604.8115472074611,-0.741409923420727,-0.8441834724904427,green
0.004,10,604.8115472074611,-0.8796068251818007,0.732555939041631,blue
0.004,10,604.8115472074611,-0.39311681815932786,0.6141957835060413,green
0.004,10,604.8115472074611,1.065644645367521,0.2650219910847875,red
0.004,10,604.8115472074611,-0.7649023935305546,1.2174141128608176,blue
0.004,10,604.8115472074611,0.09356423756036392,0.49952069099264673,yellow
0.004,10,604.8115472074611,-0.1392083287744312,-0.4741774536556654,yellow
0.004,10,604.8115472074611,0.2319165140770367,-1.0768889303390305,orange
0.004,10,604.8115472074611,-0.2551241557116998,-0.9582916287238327,yellow
0.004,10,604.8115472074611,0.6968966707155642,0.869062172357183,orange
0.004,10,604.8115472074611,0.9500314882786087,-0.21946151555239338,red
0.004,10,604.8115472074611,0.21016173752190614,0.9852979059875224,yellow
0.004,10,604.8115472074611,-0.5088518917205546,0.12836195396969863,green
0.004,10,604.8115472074611,-0.022276850288206425,0.01324271416681869,yellow
0.004,10,604.8115472074611,1.183717436041837,0.7506864708685239,red
0.004,10,604.8115472074611,0.8346015550815635,-0.706037282695529,red
0.004,10,604.8115472074611,-1.2276798685643735,-0.7266593853136056,blue
0.004,10,604.8115472074611,0.5814658283087418,0.38388115258311006,orange
0.004,10,604.8115472074611,0.7150944255690146,-1.1922831841974124,red
0.004,10,604.8115472074611,-0.6255116752396123,-0.3564932620306904,green
0.5,25,1268.3651723364474,0.49948239356530666,0.004416370497887403,orange
0.5,25,1268.3651723364474,0.08387621827511745,0.6410567602346513,orange
0.5,25,1268.3651723364474,-0.9745844387949203,9.901551813699002e-4,blue
0.5,25,1268.3651723364474,-0.486548872560791,-0.4732538406056261,blue
0.5,25,1268.3651723364474,0.050967800856648336,-0.7968344018702466,green
0.5,25,1268.3651723364474,-0.7173777982431129,0.4469161008258931,green
0.5,25,1268.3651723364474,-0.3137488697915164,-0.8550422787782107,blue
0.5,25,1268.3651723364474,-0.09271538738117314,-0.41449542021229574,green
0.5,25,1268.3651723364474,0.7429476159349152,0.32528697068018675,red
0.5,25,1268.3651723364474,-0.28375536633523074,-1.0864596459709925,blue
0.5,25,1268.3651723364474,0.22422141812233579,-0.28111381323460966,yellow
0.5,25,1268.3651723364474,-0.3026553585489241,0.3128771843503885,yellow
0.5,25,1268.3651723364474,-0.14369274773326285,1.0580453370159906,orange
0.5,25,1268.3651723364474,-0.3566006761476264,0.5965734701494559,yellow
0.5,25,1268.3651723364474,0.8895298647210887,-0.23265669198436706,orange
0.5,25,1268.3651723364474,0.6617140481542838,0.42652688589370585,red
0.5,25,1268.3651723364474,0.4567612743316629,-0.5300584639086022,yellow
0.5,25,1268.3651723364474,-0.3479985868419323,-0.09845986315871369,green
0.5,25,1268.3651723364474,-0.063585347992309,0.07662922281819196,yellow
0.5,25,1268.3651723364474,1.0101089889208261,0.019526933578894793,red
0.5,25,1268.3651723364474,0.38404752760709776,0.8039351356809912,red
0.5,25,1268.3651723364474,-1.0723843715210044,0.13676916432132957,blue
0.5,25,1268.3651723364474,0.6237465136797178,-0.022640017218488243,orange
0.5,25,1268.3651723364474,0.10083301759794537,1.0967697260705795,red
0.5,25,1268.3651723364474,-0.5869434146233321,0.10339544045316122,green
0.5,10,455.771057129952,0.257192495624203,-0.21764858843953772,orange
0.5,10,455.771057129952,0.33486195958016013,0.4555903205215537,orange
0.5,10,455.771057129952,-0.6074226306220569,0.5557727734392542,blue
0.5,10,455.771057129952,-0.27122744601468773,-0.19659306504974766,blue
0.5,10,455.771057129952,-0.6325266743281333,-0.41291013271530336,green
0.5,10,455.771057129952,-0.21724488701472036,0.712049361757282,green
0.5,10,455.771057129952,-0.6984439791335735,-0.33178956836905366,blue
0.5,10,455.771057129952,-0.3122576949036454,-0.18608969770964312,green
0.5,10,455.771057129952,0.6723100090991726,-0.12094371969141975,red
0.5,10,455.771057129952,-0.8638760718054689,-0.4312965867233096,blue
0.5,10,455.771057129952,0.006857185091378621,-0.3330058855097983,yellow
0.5,10,455.771057129952,0.032091927833958776,0.4110482181051965,yellow
0.5,10,455.771057129952,0.44238681685451503,0.7696783065575236,orange
0.5,10,455.771057129952,0.07199202447360814,0.5243201454312055,yellow
0.5,10,455.771057129952,0.39544574149718115,-0.6423256220604693,orange
0.5,10,455.771057129952,0.6692029470049163,-0.03401939941991763,red
0.5,10,455.771057129952,0.09995010879311954,-0.6341347194706124,yellow
0.5,10,455.771057129952,-0.2841232384009308,0.06564035238661829,green
0.5,10,455.771057129952,0.02424895930268049,-0.03516452668770233,yellow
0.5,10,455.771057129952,0.7374087490077437,-0.5854527091824692,red
0.5,10,455.771057129952,0.7592821026148533,0.34899694742103055,red
0.5,10,455.771057129952,-0.606479801665755,0.5861010430986248,blue
0.5,10,455.771057129952,0.456273170054924,-0.42570076114137473,orange
0.5,10,455.771057129952,0.3866018527765338,0.629278874929962,red
0.5,10,455.771057129952,-0.3906873115329926,0.19053921306105742,green
0.02,5,173.02337564119,-0.5183785297878928,-0.11255234147348438,orange
0.02,5,173.02337564119,-0.39822482771434004,-0.6288479035127575,orange
0.02,5,173.02337564119,1.0579129640428817,-0.28138675830647925,blue
0.02,5,173.02337564119,0.9393085507171575,0.22244117250098527,blue
0.02,5,173.02337564119,0.2326119746901465,1.070658214704325,green
0.02,5,173.02337564119,0.6769969684361661,-0.8758002923026867,green
0.02,5,173.02337564119,0.8231367557055127,0.710071281924548,blue
0.02,5,173.02337564119,0.34578779038995716,0.5737345726873473,green
0.02,5,173.02337564119,-1.1131730228356937,0.24703333298218916,red
0.02,5,173.02337564119,0.7146958690462478,1.1841294612890971,blue
0.02,5,173.02337564119,-0.14634162315438323,0.47738354475483563,yellow
0.02,5,173.02337564119,0.0880558029764137,-0.49998704896318996,yellow
0.02,5,173.02337564119,-0.2999835470522408,-1.106290450816258,orange
0.02,5,173.02337564119,0.1877279853444434,-0.9844065297608069,yellow
0.02,5,173.02337564119,-0.7561596192864051,0.8345058443845121,orange
0.02,5,173.02337564119,-1.001009790013976,-0.2481395919413181,red
0.02,5,173.02337564119,-0.26002644506022793,0.951825267091561,yellow
0.02,5,173.02337564119,0.4609439884474495,0.08985079268264494,green
0.02,5,173.02337564119,-0.028668438270358875,-0.014981016385008122,yellow
0.02,5,173.02337564119,-1.2314992728411644,0.7021996811890098,red
0.02,5,173.02337564119,-0.8753210730078977,-0.7419494367117805,red
0.02,5,173.02337564119,1.1892716538134154,-0.7441878352471513,blue
0.02,5,173.02337564119,-0.6348759348407891,0.35042912423683764,orange
0.02,5,173.02337564119,-0.7235798612013266,-1.2336233338081373,red
0.02,5,173.02337564119,0.5899335416019211,-0.35880903842171386,green
0.004,5,153.38371952687848,0.4571322941256373,-0.11186015741133784,orange
0.004,5,153.38371952687848,0.32581246149106574,-0.6002881988660306,orange
0.004,5,153.38371952687848,-1.1217236931346302,-0.20931555437612634,blue
0.004,5,153.38371952687848,-0.9904992002803439,0.27676906743681057,blue
0.004,5,153.38371952687848,-0.24956771507015046,1.1101390442179555,green
0.004,5,153.38371952687848,-0.7671989606269765,-0.820624105195787,green
0.004,5,153.38371952687848,-0.8603657642721271,0.7597001958346552,blue
0.004,5,153.38371952687848,-0.3794160114292232,0.6254831379186095,green
0.004,5,153.38371952687848,1.0688170329476114,0.23929019525864725,red
0.004,5,153.38371952687848,-0.7317872936439818,1.239837563108501,blue
0.004,5,153.38371952687848,0.10447701096597374,0.49920251290247386,yellow
0.004,5,153.38371952687848,-0.1562111627084809,-0.46714083645176474,yellow
0.004,5,153.38371952687848,0.20015941069807047,-1.0807438183143523,orange
0.004,5,153.38371952687848,-0.28311034011410813,-0.9495100258883938,yellow
0.004,5,153.38371952687848,0.7183191142759472,0.8495167564465684,orange
0.004,5,153.38371952687848,0.9393845011083858,-0.244671514434566,red
0.004,5,153.38371952687848,0.2334261123326497,0.9797064881418341,yellow
0.004,5,153.38371952687848,-0.5097417907321568,0.14309384564333374,green
0.004,5,153.38371952687848,-0.026302991022110686,0.015474047384687467,yellow
0.004,5,153.38371952687848,1.1986654564851922,0.7163632014414616,red
0.004,5,153.38371952687848,0.8070785179692966,-0.7288284759046738,red
0.004,5,153.38371952687848,-1.2543583075349216,-0.6879363604606238,blue
0.004,5,153.38371952687848,0.5872687096206711,0.36723085352213264,orange
0.004,5,153.38371952687848,0.6702077277882414,-1.2125836740922817,red
0.004,5,153.38371952687848,-0.6421030254007962,-0.3320963446572199,green
0.5,5,181.81738513958678,0.004939440439206189,0.1237451114485294,orange
0.5,5,181.81738513958678,0.2148139331185299,-0.24644143230551496,orange
0.5,5,181.81738513958678,0.01443861586195632,-0.08291161706691304,blue
0.5,5,181.81738513958678,-0.3705442147037235,0.04242999180282408,blue
0.5,5,181.81738513958678,-0.47136310163891026,0.1251291830291016,green
0.5,5,181.81738513958678,0.027190458658054847,-0.2961308789309246,green
0.5,5,181.81738513958678,-0.5010115549150085,0.11351186995460649,blue
0.5,5,181.81738513958678,-0.2674249878231393,0.03577213311992809,green
0.5,5,181.81738513958678,0.5522609419125917,0.3168887111470508,red
0.5,5,181.81738513958678,-0.581911260268631,0.12201325672433627,blue
0.5,5,181.81738513958678,-0.09925130281314558,0.16729573562610012,yellow
0.5,5,181.81738513958678,0.10458709434725887,-0.050738155208290586,yellow
0.5,5,181.81738513958678,0.541227661085506,-0.0028434424081664996,orange
0.5,5,181.81738513958678,0.277354140917184,-0.06130103628173304,yellow
0.5,5,181.81738513958678,-0.17349078626912814,0.2501530949576678,orange
0.5,5,181.81738513958678,0.052449127645526984,0.1423752764548447,red
0.5,5,181.81738513958678,-0.18274419615594203,0.16938909855142903,yellow
0.5,5,181.81738513958678,0.08240957227278232,-0.19214066744805441,green
0.5,5,181.81738513958678,0.015325634869049176,-0.014373992573229886,yellow
0.5,5,181.81738513958678,-0.13207061266673356,0.24554069819867977,red
0.5,5,181.81738513958678,0.10019772565616909,0.0969975485415847,red
0.5,5,181.81738513958678,0.2722238448361547,-0.448138735510573,blue
0.5,5,181.81738513958678,-0.06975325855885788,0.1492568316535293,orange
0.5,5,181.81738513958678,0.12800396140505269,-0.16368270674208207,red
0.5,5,181.81738513958678,0.10033401048688043,-0.28693398672247433,green
