0.4,25,1387.8342472016545,-0.08247102162808567,-0.28978759986183883,orange
0.4,25,1387.8342472016545,-0.21822810319680486,0.24207912273215326,orange
0.4,25,1387.8342472016545,0.7726969820198467,0.5331327866134351,blue
0.4,25,1387.8342472016545,0.8103501475862929,0.016012655720151932,blue
0.4,25,1387.8342472016545,0.6872299219816983,-0.5512172597153026,green
0.4,25,1387.8342472016545,0.3299777120205724,0.6526596462513526,green
0.4,25,1387.8342472016545,0.9302527074164672,-0.3108111910004139,blue
0.4,25,1387.8342472016545,0.5529817140070014,-0.24211075051344663,green
0.4,25,1387.8342472016545,-0.3911861836943084,-0.37276914427506885,red
0.4,25,1387.8342472016545,1.0532394088061252,-0.48892591070780017,blue
0.4,25,1387.8342472016545,0.27954554382726543,-0.3496794291080841,yellow
0.4,25,1387.8342472016545,0.1771186287522313,0.30829988765223043,yellow
0.4,25,1387.8342472016545,-0.3324962743919083,0.6128414935658805,orange
0.4,25,1387.8342472016545,0.04677254428967642,0.5367242390352137,yellow
0.4,25,1387.8342472016545,-0.08575476221041846,-0.7522266754259043,orange
0.4,25,1387.8342472016545,-0.4160471911326701,-0.22189422810745552,red
0.4,25,1387.8342472016545,0.30944127783228537,-0.6512344288530272,yellow
0.4,25,1387.8342472016545,0.48797064931895073,0.09152403671462073,green
0.4,25,1387.8342472016545,0.22099636208320578,0.011420351524460182,yellow
0.4,25,1387.8342472016545,-0.3430163871850618,-0.7095268877230007,red
0.4,25,1387.8342472016545,-0.5045943883424472,0.1403030702627125,red
0.4,25,1387.8342472016545,0.7336590859482401,0.7109073935241228,blue
0.4,25,1387.8342472016545,-0.08707137294192656,-0.4569130793506144,orange
0.4,25,1387.8342472016545,-0.5442274501448536,0.4737078437837081,red
0.4,25,1387.8342472016545,0.4834258799034973,0.36782875684255545,green
0.5,10,481.2667343749408,0.4573247508228907,-0.2288292506767859,orange
0.5,10,481.2667343749408,0.5416063059219456,0.5815838503300536,orange
0.5,10,481.2667343749408,-0.5056669960571515,0.7404337089250275,blue
0.5,10,481.2667343749408,-0.1736761442765287,-0.11430383913906203,blue
0.5,10,481.2667343749408,-0.5882088163554544,-0.34344225594853756,green
0.5,10,481.2667343749408,-0.06064631106630108,0.8789090563223848,green
0.5,10,481.2667343749408,-0.647576496898825,-0.24326386843057712,blue
0.5,10,481.2667343749408,-0.21066169936125625,-0.09899876765415003,green
0.5,10,481.2667343749408,0.870174251032547,-0.067740579245307,red
0.5,10,481.2667343749408,-0.8216496834022781,-0.3567223925444504,blue
0.5,10,481.2667343749408,0.13975456649463666,-0.2782942577164716,yellow
0.5,10,481.2667343749408,0.19862230033926886,0.5426655963676363,yellow
0.5,10,481.2667343749408,0.6584173879897575,0.9016917529197293,orange
0.5,10,481.2667343749408,0.23484819776596821,0.6566923946842751,yellow
0.5,10,481.2667343749408,0.5477579621913653,-0.6337067051064149,orange
0.5,10,481.2667343749408,0.8866027363591039,0.01974637336359526,red
0.5,10,481.2667343749408,0.23023497412894148,-0.6081136448158488,yellow
0.5,10,481.2667343749408,-0.14711677343835458,0.17043746976524832,green
0.5,10,481.2667343749408,0.1833670227534048,0.04932633700733326,yellow
0.5,10,481.2667343749408,0.9466324320822921,-0.5817306378211207,red
0.5,10,481.2667343749408,1.007482462587051,0.4216152808962392,red
0.5,10,481.2667343749408,-0.4646545654492383,0.7843915451865832,blue
0.5,10,481.2667343749408,0.6552419671863825,-0.4018431727923754,orange
0.5,10,481.2667343749408,0.6451475324616106,0.7689106378790057,red
0.5,10,481.2667343749408,-0.2721758510084907,0.314247341283994,green
0.25,15,1013.5342683171975,-0.1643278557948234,-0.01300036272456122,orange
0.25,15,1013.5342683171975,-0.6251414151838062,0.07189725476947169,orange
0.25,15,1013.5342683171975,-0.43852943158617474,1.1414007561869073,blue
0.25,15,1013.5342683171975,-0.03834715347027502,0.9591733525553935,blue
0.25,15,1013.5342683171975,0.5070554426976372,0.6052737370246806,green
0.25,15,1013.5342683171975,-0.8310371086579529,0.7641497185038344,green
0.25,15,1013.5342683171975,0.29885640431857136,0.938935618183425,blue
0.25,15,1013.5342683171975,0.15564135489710398,0.6207743254919834,green
0.25,15,1013.5342683171975,-0.06532792810626116,-0.36694253664999754,red
0.25,15,1013.5342683171975,0.5793163044349753,0.9484915684022553,blue
0.25,15,1013.5342683171975,0.13176311849111588,0.2960613955931842,yellow
0.25,15,1013.5342683171975,-0.5458547425314484,0.4428999313999097,yellow
0.25,15,1013.5342683171975,-0.9966996816905495,0.11748470652349444,orange
0.25,15,1013.5342683171975,-0.840613827385341,0.4557774199934682,yellow
0.25,15,1013.5342683171975,0.38904790086778385,-0.16054776202923837,orange
0.25,15,1013.5342683171975,-0.30069994408386985,-0.3207438836607487,red
0.25,15,1013.5342683171975,0.43536268407163076,0.21563778957003857,yellow
0.25,15,1013.5342683171975,-0.19226360471101633,0.6935524951594898,green
0.25,15,1013.5342683171975,-0.22713935415854594,0.3290510731839687,yellow
0.25,15,1013.5342683171975,0.2635417858938542,-0.4344029214940549,red
0.25,15,1013.5342683171975,-0.6548278312740233,-0.2951746844556537,red
0.25,15,1013.5342683171975,-0.7957746660852465,1.1279931630199016,blue
0.25,15,1013.5342683171975,0.07827853898961232,-0.06657578524283346,orange
0.25,15,1013.5342683171975,-0.9862410789920163,-0.14762693132161242,red
0.25,15,1013.5342683171975,-0.43433593371798607,0.7655218413996489,green
0.004,15,1037.2603685403508,-0.4894967226459799,-0.10184534411120126,orange
0.004,15,1037.2603685403508,-0.38086162292236647,-0.5924498834331025,orange
0.004,15,1037.2603685403508,1.0850603597422146,-0.2673501432709606,blue
0.004,15,1037.2603685403508,0.9745291714535839,0.22231842240368574,blue
0.004,15,1037.2603685403508,0.2712881351723299,1.0888163301013931,green
0.004,15,1037.2603685403508,0.7032445422022768,-0.8633844094306227,green
0.004,15,1037.2603685403508,0.8667583798432561,0.7107513935107735,blue
0.004,15,1037.2603685403508,0.3789397500856424,0.6004022318570827,green
0.004,15,1037.2603685403508,-1.085111703085251,0.2746232328885344,red
0.004,15,1037.2603685403508,0.7598953255258196,1.1974397557162628,blue
0.004,15,1037.2603685403508,-0.10905132000026582,0.49283058550755454,yellow
0.004,15,1037.2603685403508,0.10830401037156255,-0.48376469489082313,yellow
0.004,15,1037.2603685403508,-0.2727463717777291,-1.081268481160766,orange
0.004,15,1037.2603685403508,0.21531773002799995,-0.9709120386123322,yellow
0.004,15,1037.2603685403508,-0.7067576925033826,0.8722941632553599,orange
0.004,15,1037.2603685403508,-0.977300189282922,-0.21151982396271274,red
0.004,15,1037.2603685403508,-0.21766617288913295,0.980341165752478,yellow
0.004,15,1037.2603685403508,0.48748565244860353,0.11182687384384978,green
0.004,15,1037.2603685403508,-0.0012830930721514182,0.004209407126581874,yellow
0.004,15,1037.2603685403508,-1.1936853962852667,0.7622728330128964,red
0.004,15,1037.2603685403508,-0.8693900737379247,-0.6999784954700938,red
0.004,15,1037.2603685403508,1.1920573926253342,-0.7560075606499066,blue
0.004,15,1037.2603685403508,-0.5977365963173925,0.38477444115233034,orange
0.004,15,1037.2603685403508,-0.7598082250720655,-1.1879894008078522,red
0.004,15,1037.2603685403508,0.5959719578493435,-0.3744697777005978,green
0.1,25,1342.5670451395638,-0.5955657312107492,0.06353097277150573,orange
0.1,25,1342.5670451395638,-0.767575690928495,0.5806941343734286,orange
0.1,25,1342.5670451395638,0.6251975815017583,1.0611204628566226,blue
0.1,25,1342.5670451395638,0.7743930154815439,0.5400298264613091,blue
0.1,25,1342.5670451395638,0.6254759834975783,-0.48959152880688367,green
0.1,25,1342.5670451395638,-6.765751249797553e-5,1.329818139959902,green
0.1,25,1342.5670451395638,0.9459877718202755,0.07142078928576538,blue
0.1,25,1342.5670451395638,0.45455026460256776,-0.03322335107501624,green
0.1,25,1342.5670451395638,-0.9273407253199479,-0.4667628440596831,red
0.1,25,1342.5670451395638,1.1060444950219526,-0.34342544887972654,blue
0.1,25,1342.5670451395638,0.010328150436809912,-0.1984917164100257,yellow
0.1,25,1342.5670451395638,-0.2837334005809917,0.734850057115962,yellow
0.1,25,1342.5670451395638,-0.9341413382211089,1.0575900708587593,orange
0.1,25,1342.5670451395638,-0.45033587211744064,1.165073976919579,yellow
0.1,25,1342.5670451395638,-0.32898844077239026,-0.8216970268904772,orange
0.1,25,1342.5670451395638,-1.0605304912788578,-0.05660733968692121,red
0.1,25,1342.5670451395638,0.1526287673078245,-0.6544722244661626,yellow
0.1,25,1342.5670451395638,0.3041987685384475,0.4338023026890347,green
0.1,25,1342.5670451395638,-0.13561401252838365,0.27333964046047854,yellow
0.1,25,1342.5670451395638,-0.7848776514440691,-0.9267938453629799,red
0.1,25,1342.5670451395638,-1.2168376210965979,0.41181358921481576,red
0.1,25,1342.5670451395638,0.4905778779700056,1.4778324577248105,blue
0.1,25,1342.5670451395638,-0.4621338913881741,-0.36858540987892224,orange
0.1,25,1342.5670451395638,-1.3612148628511735,0.8798375236615498,red
0.1,25,1342.5670451395638,0.17992399079680607,0.8794012760882829,green
0.02,10,701.6790546845931,-0.4729420017584111,-0.05664485205638546,orange
0.02,10,701.6790546845931,-0.369774820706104,-0.5612466524679214,orange
0.02,10,701.6790546845931,1.1005799863081767,-0.25877885442798526,blue
0.02,10,701.6790546845931,0.9867115928731307,0.24336988884137256,blue
0.02,10,701.6790546845931,0.31525516313916585,1.117987654596484,green
0.02,10,701.6790546845931,0.7063375076152412,-0.8420488599387272,green
0.02,10,701.6790546845931,0.8965703730140345,0.7358943347782059,blue
0.02,10,701.6790546845931,0.4062279791011989,0.6246076865957378,green
0.02,10,701.6790546845931,-1.062016013711682,0.3194162708020952,red
0.02,10,701.6790546845931,0.8035472238817817,1.218648021526344,blue
0.02,10,701.6790546845931,-0.08508310755158818,0.5314682240689128,yellow
0.02,10,701.6790546845931,0.11751786668411575,-0.4529188304537907,yellow
0.02,10,701.6790546845931,-0.27659775190057956,-1.044093153010869,orange
0.02,10,701.6790546845931,0.2172328402296707,-0.931634040574419,yellow
0.02,10,701.6790546845931,-0.6799767339085435,0.9179658820555664,orange
0.02,10,701.6790546845931,-0.9635949438520449,-0.16072685556967697,red
0.02,10,701.6790546845931,-0.188281919878008,1.0189453785230769,yellow
0.02,10,701.6790546845931,0.5047478171998141,0.1380003287895787,green
0.02,10,701.6790546845931,0.013901615730589623,0.0426811402380079,yellow
0.02,10,701.6790546845931,-1.1723984943150425,0.8067896448710102,red
0.02,10,701.6790546845931,-0.8683471142974338,-0.6511470749642784,red
0.02,10,701.6790546845931,1.1962086502719695,-0.7340017822486873,blue
0.02,10,701.6790546845931,-0.5815542222860272,0.43448283234367235,orange
0.02,10,701.6790546845931,-0.7509036092622531,-1.1411339318238614,red
0.02,10,701.6790546845931,0.6075245537025235,-0.3445752750824418,green
0.25,25,1307.5808399756788,-0.5767416837169794,-0.476913393072663,orange
0.25,25,1307.5808399756788,-0.8119960772386979,0.06998730473728916,orange
0.25,25,1307.5808399756788,0.4345407579255993,0.6359415992652543,blue
0.25,25,1307.5808399756788,0.6014722627574003,0.07356216387871636,blue
0.25,25,1307.5808399756788,0.5442227203955626,-0.7999360117745005,green
0.25,25,1307.5808399756788,-0.165143520731122,0.7764911023500585,green
0.25,25,1307.5808399756788,0.8149148840729394,-0.340630854199026,blue
0.25,25,1307.5808399756788,0.3319125429767136,-0.4056035687568964,green
0.25,25,1307.5808399756788,-0.8962572661822846,-0.8474504568934775,red
0.25,25,1307.5808399756788,0.9955802862520592,-0.6414299565994953,blue
0.25,25,1307.5808399756788,-0.03485725543740322,-0.5968098939025166,yellow
0.25,25,1307.5808399756788,-0.34386801899296676,0.24366494490484925,yellow
0.25,25,1307.5808399756788,-1.0119074546327478,0.516820604674081,orange
0.25,25,1307.5808399756788,-0.5404941243159088,0.5766941279991432,yellow
0.25,25,1307.5808399756788,-0.35189909461515795,-1.2031392033821873,orange
0.25,25,1307.5808399756788,-1.0067315686008589,-0.558044640388787,red
0.25,25,1307.5808399756788,0.1044147319756636,-0.9981998079427881,yellow
0.25,25,1307.5808399756788,0.16635451480179164,0.019748196208831247,green
0.25,25,1307.5808399756788,-0.19615791855632295,-0.15634039913105757,yellow
0.25,25,1307.5808399756788,-0.745908173159416,-1.2642269494330904,red
0.25,25,1307.5808399756788,-1.1877872629411337,-0.12633708148611164,red
0.25,25,1307.5808399756788,0.31756103903049576,0.9308210651779603,blue
0.25,25,1307.5808399756788,-0.4733932745069458,-0.8026300481682427,orange
0.25,25,1307.5808399756788,-1.3326761162046112,0.30160062626593537,red
0.25,25,1307.5808399756788,0.0651876529735089,0.3964961168674631,green
0.4,15,892.0203259240304,-0.24425023256834932,-0.3291653056010017,orange
0.4,15,892.0203259240304,-0.1425028270850948,0.38057542827925483,orange
0.4,15,892.0203259240304,1.2133879521308713,0.2248275669675441,blue
0.4,15,892.0203259240304,0.8882451023022974,-0.3515427601915864,blue
0.4,15,892.0203259240304,0.6232120017690841,-0.9567061982016163,green
0.4,15,892.0203259240304,0.633506656315047,0.6672266308282464,green
0.4,15,892.0203259240304,0.9493439882735023,-0.7491259663397127,blue
0.4,15,892.0203259240304,0.5730484702076043,-0.5236971009490329,green
0.4,15,892.0203259240304,-0.6176367197676106,-0.2670359021205119,red
0.4,15,892.0203259240304,1.0466715061896807,-1.0305480364779211,blue
0.4,15,892.0203259240304,0.18219282361654895,-0.5367496554364897,yellow
0.4,15,892.0203259240304,0.35147361661838483,0.28177768202702574,yellow
0.4,15,892.0203259240304,-0.13278824237378442,0.8640263162695332,orange
0.4,15,892.0203259240304,0.2936933438275316,0.60611838611225,yellow
0.4,15,892.0203259240304,-0.42197035714298625,-0.8550857546602658,orange
0.4,15,892.0203259240304,-0.5881720780045382,-0.07788105353493206,red
0.4,15,892.0203259240304,0.08381749333650788,-0.8940075596489403,yellow
0.4,15,892.0203259240304,0.6729437577394177,-0.08099759297065041,green
0.4,15,892.0203259240304,0.19024886817296535,-0.08328223038127186,yellow
0.4,15,892.0203259240304,-0.6828720867559995,-0.6947710465082415,red
0.4,15,892.0203259240304,-0.6054659020802775,0.40236908417599554,red
0.4,15,892.0203259240304,1.1599346729681157,0.6628864139226114,blue
0.4,15,892.0203259240304,-0.26659502770764937,-0.49211646015608584,orange
0.4,15,892.0203259240304,-0.3659533285704981,0.7985586239997994,red
0.4,15,892.0203259240304,0.7259916892188446,0.1446800576355329,green
0.4,10,412.6148417405424,-0.2796706590356844,0.07575180948214313,orange
0.4,10,412.6148417405424,0.11552243652251404,0.6967802707521569,orange
0.4,10,412.6148417405424,1.0909355584535738,0.16507042698967966,blue
0.4,10,412.6148417405424,0.462850669417738,-0.29086945109788753,blue
0.4,10,412.6148417405424,0.42243899432137216,-0.7729380866437225,green
0.4,10,412.6148417405424,0.825061157126964,0.5991949174480746,green
0.4,10,412.6148417405424,0.6066626730775637,-0.6965732004815267,blue
0.4,10,412.6148417405424,0.344805268778653,-0.3481699089413942,green
0.4,10,412.6148417405424,-0.5783577270005056,0.31933371512518094,red
0.4,10,412.6148417405424,0.6465418804838852,-0.9237140055961728,blue
0.4,10,412.6148417405424,-0.048579514465814835,-0.2654325615032032,yellow
0.4,10,412.6148417405424,0.3790883291991907,0.45827684361200466,yellow
0.4,10,412.6148417405424,0.2001486872289161,1.0284182550726053,orange
0.4,10,412.6148417405424,0.46364083827848046,0.6165253994564265,yellow
0.4,10,412.6148417405424,-0.6033307671215093,-0.33945186326861276,orange
0.4,10,412.6148417405424,-0.5065196225087687,0.4431297440248414,red
0.4,10,412.6148417405424,-0.29468906066037476,-0.529564455626001,yellow
0.4,10,412.6148417405424,0.4674785885482974,-0.06894768415342191,green
0.4,10,412.6148417405424,0.1205737089014215,0.0420703862222133,yellow
0.4,10,412.6148417405424,-0.9175296544447888,-0.06698019873386749,red
0.4,10,412.6148417405424,-0.38107831216969135,0.8440312054680124,red
0.4,10,412.6148417405424,1.1628146377819528,0.2976029045102861,blue
0.4,10,412.6148417405424,-0.5114841807845052,-0.07104398035816535,orange
0.4,10,412.6148417405424,0.060349455012870756,1.0162960108171766,red
0.4,10,412.6148417405424,0.6668443564834513,0.07275053615760028,green
0.1,15,1020.4931880732363,-0.2636791351811345,-0.11779675149609407,orange
0.1,15,1020.4931880732363,-0.2914997525124275,0.41975287345052664,orange
0.1,15,1020.4931880732363,1.1762636119124177,0.5004915252042587,blue
0.1,15,1020.4931880732363,1.1533662540506329,-0.02619289363241195,blue
0.1,15,1020.4931880732363,0.7596407326665143,-0.9638390819984102,green
0.1,15,1020.4931880732363,0.6273517589244607,0.934814857891826,green
0.1,15,1020.4931880732363,1.1941398957629847,-0.5047882637450216,blue
0.1,15,1020.4931880732363,0.7137452784697415,-0.4825277198674457,green
0.1,15,1020.4931880732363,-0.71799331220502,-0.5303511422929351,red
0.1,15,1020.4931880732363,1.247997581499983,-0.9437124126546874,blue
0.1,15,1020.4931880732363,0.243424203045375,-0.5224485246198007,yellow
0.1,15,1020.4931880732363,0.20855141699290944,0.4413196979823834,yellow
0.1,15,1020.4931880732363,-0.3278294241674002,0.9173109762123914,orange
0.1,15,1020.4931880732363,0.16322450631714838,0.8924114981087896,yellow
0.1,15,1020.4931880732363,-0.24293068509219506,-1.0265758382689694,orange
0.1,15,1020.4931880732363,-0.7382093683288288,-0.10734132709942587,red
0.1,15,1020.4931880732363,0.25695058597886106,-0.9901344304083468,yellow
0.1,15,1020.4931880732363,0.6924691586065662,0.0036594730277808925,green
0.1,15,1020.4931880732363,0.20198440261134332,-0.03824759968305976,yellow
0.1,15,1020.4931880732363,-0.7008429026849639,-1.0046479751625275,red
0.1,15,1020.4931880732363,-0.7800575429256434,0.3774849276522585,red
0.1,15,1020.4931880732363,1.120120457849266,0.9779701272706036,blue
0.1,15,1020.4931880732363,-0.24378294071492246,-0.5564162954607664,orange
0.1,15,1020.4931880732363,-0.7660200916443279,0.8619131798203298,red
0.1,15,1020.4931880732363,0.6846032811753968,0.4391670456356226,green
0.55,15,870.9380720032027,0.3826710683558826,0.42966666834463346,orange
0.55,15,870.9380720032027,0.04869049347800366,0.7888366617307744,orange
0.55,15,870.9380720032027,-0.5226761279313743,0.326423587593647,blue
0.55,15,870.9380720032027,-0.09845706114492397,0.1542220339963119,blue
0.55,15,870.9380720032027,0.06851026622916319,-0.036809338808880154,green
0.55,15,870.9380720032027,-0.3481058564187699,0.6941352341976381,green
0.55,15,870.9380720032027,-0.09067918316380302,-0.04859366797141698,blue
0.55,15,870.9380720032027,-0.003890108902840324,0.18675024857808425,green
0.55,15,870.9380720032027,0.43535812966883874,0.6425254617204679,red
0.55,15,870.9380720032027,-0.09317377039206264,-0.19398183648562173,blue
0.55,15,870.9380720032027,0.18481508561388385,0.28179664891333683,yellow
0.55,15,870.9380720032027,-0.142980104559505,0.5808513785334692,yellow
0.55,15,870.9380720032027,-0.07899366139451466,1.027322572640435,orange
0.55,15,870.9380720032027,-0.16514886055337177,0.7486626881535046,yellow
0.55,15,870.9380720032027,0.5595830332999937,0.353237334640668,orange
0.55,15,870.9380720032027,0.3959394480479664,0.6913331827886956,red
0.55,15,870.9380720032027,0.3250535956486896,0.1714237155895905,yellow
0.55,15,870.9380720032027,-0.19095447400457558,0.3491908975411963,green
0.55,15,870.9380720032027,0.04830719467207633,0.4814619451139681,yellow
0.55,15,870.9380720032027,0.5895414575756076,0.47152210083963714,red
0.55,15,870.9380720032027,0.25891225033563015,0.9298921679580849,red
0.55,15,870.9380720032027,-0.5997286120315598,0.5664342837453653,blue
0.55,15,870.9380720032027,0.36955925320635447,0.4371862790853951,orange
0.55,15,870.9380720032027,-0.0018369555658368712,0.9962179589836843,red
0.55,15,870.9380720032027,-0.2517470217115531,0.41106183860490253,green
0.1,10,573.74507805608755,-0.7364545453789701,0.04290497457976512,orange
0.1,10,573.74507805608755,-0.9563822957004349,0.5461118604050572,orange
0.1,10,573.74507805608755,0.35864921092113977,1.119039085780504,blue
0.1,10,573.74507805608755,0.5254038067458316,0.5937774618092633,blue
0.1,10,573.74507805608755,0.545496409509729,-0.38901859120376564,green
0.1,10,573.74507805608755,-0.2707081110165249,1.3248782826456529,green
0.1,10,573.74507805608755,0.7677268417453625,0.179361981400569,blue
0.1,10,573.74507805608755,0.3008523971836617,0.027263133395896696,green
0.1,10,573.74507805608755,-1.0165382288991263,-0.5242765630745173,red
0.1,10,573.74507805608755,0.9727964584444435,-0.2078582459711478,blue
0.1,10,573.74507805608755,-0.12090247715279007,-0.1955763389596129,yellow
0.1,10,573.74507805608755,-0.5097508780720396,0.6986683090885363,yellow
0.1,10,573.74507805608755,-1.1566493608356148,0.9435800828185138,orange
0.1,10,573.74507805608755,-0.6727126802845933,1.0939622352595055,yellow
0.1,10,573.74507805608755,-0.3933874528752583,-0.8241802636875923,orange
0.1,10,573.74507805608755,-1.1867858908460596,-0.133261167229359,red
0.1,10,573.74507805608755,0.051861210065788574,-0.6335160806110423,yellow
0.1,10,573.74507805608755,0.1128558185597741,0.4428492976974592,green
0.1,10,573.74507805608755,-0.3155239690560831,0.23280517697576325,yellow
0.1,10,573.74507805608755,-0.8675212971021623,-0.9837941205698989,red
0.1,10,573.74507805608755,-1.4037910313471316,0.2940320250561641,red
0.1,10,573.74507805608755,0.19674049448164355,1.4811332963065986,blue
0.1,10,573.74507805608755,-0.576591628108517,-0.41858886690437064,orange
0.1,10,573.74507805608755,-1.5180600512269413,0.7797724598040546,red
0.1,10,573.74507805608755,-0.04309246237448775,0.8597240551850338,green
0.004,10,603.3878610464623,-0.4835183433873291,-0.11526487370803844,orange
0.004,10,603.3878610464623,-0.3684942997828789,-0.6049281658853317,orange
0.004,10,603.3878610464623,1.0918946584649376,-0.26145450971119694,blue
0.004,10,603.3878610464623,0.974872464376002,0.22774454713803752,blue
0.004,10,603.3878610464623,0.2630106699758101,1.0859285670801675,green
0.004,10,603.3878610464623,0.7185453800927033,-0.8611521946571763,green
0.004,10,603.3878610464623,0.8624036937573107,0.7150806186841521,blue
0.004,10,603.3878610464623,0.37559555328648864,0.5984734870670557,green
0.004,10,603.3878610464623,-1.0843582932677287,0.25450307863469573,red
0.004,10,603.3878610464623,0.7495254550902134,1.200353695815852,blue
0.004,10,603.3878610464623,-0.11148542019349006,0.4855376534899659,yellow
0.004,10,603.3878610464623,0.11778003706254171,-0.48893675009401,yellow
0.004,10,603.3878610464623,-0.2554998875081699,-1.090286264521209,orange
0.004,10,603.3878610464623,0.23179918509757824,-0.9734960638468506,yellow
0.004,10,603.3878610464623,-0.713510395646786,0.8572032092211107,orange
0.004,10,603.3878610464623,-0.97047699773199,-0.2303292739678588,red
0.004,10,603.3878610464623,-0.22633696468467224,0.9717320695468259,yellow
0.004,10,603.3878610464623,0.48965024799257395,0.11224699850295519,green
0.004,10,603.3878610464623,0.0027450716905578704,-0.0010734361613211907,yellow
0.004,10,603.3878610464623,-1.2007199729272937,0.7406285435129938,red
0.004,10,603.3878610464623,-0.8568726461912053,-0.7172779472706992,red
0.004,10,603.3878610464623,1.2053127702190525,-0.7454977523737301,blue
0.004,10,603.3878610464623,-0.5994962408099587,0.37172773918636526,orange
0.004,10,603.3878610464623,-0.7392683711176464,-1.2039090404715018,red
0.004,10,603.3878610464623,0.6045014212535426,-0.3729964735848216,green
0.02,15,1010.6463021883015,-0.5347918924554708,-0.049604620323464146,orange
0.02,15,1010.6463021883015,-0.4550861380596603,-0.5550690196381507,orange
0.02,15,1010.6463021883015,1.0316152044524909,-0.32038157386314503,blue
0.02,15,1010.6463021883015,0.9425560971272511,0.1806806446887504,blue
0.02,15,1010.6463021883015,0.3010005912102046,1.0814224335227722,green
0.02,15,1010.6463021883015,0.6067276079197923,-0.889679754250125,green
0.02,15,1010.6463021883015,0.8672103671142921,0.6752017157655628,blue
0.02,15,1010.6463021883015,0.37514811931061465,0.5869448699201391,green
0.02,15,1010.6463021883015,-1.1025644638708942,0.34792719034938596,red
0.02,15,1010.6463021883015,0.7962292378922252,1.1610607876687564,blue
0.02,15,1010.6463021883015,-0.11681307610636989,0.5123661466871,yellow
0.02,15,1010.6463021883015,0.042737782697851286,-0.4755917515775204,yellow
0.02,15,1010.6463021883015,-0.3786315614744708,-1.0518381041975529,orange
0.02,15,1010.6463021883015,0.11509361349502055,-0.9635341424449281,yellow
0.02,15,1010.6463021883015,-0.6945562649635357,0.9262891857674729,orange
0.02,15,1010.6463021883015,-1.0261301564413685,-0.1344775296670267,red
0.02,15,1010.6463021883015,-0.19660518114219988,1.0026125695131445,yellow
0.02,15,1010.6463021883015,0.4542444507466253,0.09174961891322587,green
0.02,15,1010.6463021883015,-0.041538140916750135,0.01710748100728127,yellow
0.02,15,1010.6463021883015,-1.1823297340286796,0.8390066752575224,red
0.02,15,1010.6463021883015,-0.9508822626008244,-0.6292080325025872,red
0.02,15,1010.6463021883015,1.102898859336935,-0.815627968611154,blue
0.02,15,1010.6463021883015,-0.6124345268403145,0.43583994701992473,orange
0.02,15,1010.6463021883015,-0.866010789768826,-1.1218926112304588,red
0.02,15,1010.6463021883015,0.5342177188592812,-0.3920717087093264,green
0.5,25,1250.661516270006,0.5238246532420413,0.07063517633586071,orange
0.5,25,1250.661516270006,0.073878148369604,0.6627196944362548,orange
0.5,25,1250.661516270006,-0.9166385960053146,-0.020927144916281157,blue
0.5,25,1250.661516270006,-0.40692354712941736,-0.4657364827337724,blue
0.5,25,1250.661516270006,0.14097123006268109,-0.7470420698101314,green
0.5,25,1250.661516270006,-0.6880194980788857,0.4286012770601909,green
0.5,25,1250.661516270006,-0.21611617293634844,-0.82241084797026065,blue
0.5,25,1250.661516270006,-0.021231317692099634,-0.38490979276063714,green
0.5,25,1250.661516270006,0.7518849123431015,0.3890687279214503,red
0.5,25,1250.661516270006,-0.16991666222024362,-1.0588877970745814,blue
0.5,25,1250.661516270006,0.2789637849105164,-0.2261709086420901,yellow
0.5,25,1250.661516270006,-0.2769881189308394,0.3187473252332279,yellow
0.5,25,1250.661516270006,-0.1621238680072253,1.054724361521348,orange
0.5,25,1250.661516270006,-0.35065484734260605,0.5893421112418135,yellow
0.5,25,1250.661516270006,0.9109499951837072,-0.15446599052886217,orange
0.5,25,1250.661516270006,0.6514413533660993,0.48697562057432486,red
0.5,25,1250.661516270006,0.5176214564291666,-0.4607610632391818,yellow
0.5,25,1250.661516270006,-0.29908081319876617,-0.08865437594987198,green
0.5,25,1250.661516270006,-0.03076033652749113,0.10049108274465385,yellow
0.5,25,1250.661516270006,1.0211266303943032,0.1136397299078699,red
0.5,25,1250.661516270006,0.3656087465936087,0.8310393145065413,red
0.5,25,1250.661516270006,-1.0187303648864772,0.10568211506644243,blue
0.5,25,1250.661516270006,0.6430640411405325,0.04268722600702753,orange
0.5,25,1250.661516270006,0.08211875233833746,1.1013013979034936,red
0.5,25,1250.661516270006,-0.5406037827408208,0.09429409476966677,green
0.5,15,848.9544696018493,0.5317546774968865,0.38997939685969235,orange
0.5,15,848.9544696018493,0.03735153599216544,0.8527658912721533,orange
0.5,15,848.9544696018493,-0.7690729648491397,0.07913331132657067,blue
0.5,15,848.9544696018493,-0.16762483516570173,-0.13462904609618037,blue
0.5,15,848.9544696018493,0.1842401852691649,-0.392339168641718,green
0.5,15,848.9544696018493,-0.5771298017914727,0.6635624230524076,green
0.5,15,848.9544696018493,-0.0778059767336994,-0.42907342229257656,blue
0.5,15,848.9544696018493,0.026608216578628625,-0.07374994026351071,green
0.5,15,848.9544696018493,0.6554799126181373,0.6772892186941396,red
0.5,15,848.9544696018493,-0.043772021641378625,-0.6473379814929393,blue
0.5,15,848.9544696018493,0.2970930833483411,0.10285067272755817,yellow
0.5,15,848.9544696018493,-0.2272703752916153,0.5231471175110454,yellow
0.5,15,848.9544696018493,-0.1903144807086976,1.1867386776418896,orange
0.5,15,848.9544696018493,-0.31216962691420064,0.760503894233788,yellow
0.5,15,848.9544696018493,0.8528423885993017,0.2257740607256827,orange
0.5,15,848.9544696018493,0.5708939136235154,0.7513904331006256,red
0.5,15,848.9544696018493,0.5271876220439372,-0.07276427918098868,yellow
0.5,15,848.9544696018493,-0.2705696079997272,0.16207774840913658,green
0.5,15,848.9544696018493,0.07092521374673459,0.3957724585787081,yellow
0.5,15,848.9544696018493,0.9055849457067132,0.42958945264178294,red
0.5,15,848.9544696018493,0.3469883996904063,1.099923500991221,red
0.5,15,848.9544696018493,-0.911934122116946,0.4185625811063,blue
0.5,15,848.9544696018493,0.566390991870167,0.3505100177314681,orange
0.5,15,848.9544696018493,-0.039767262791749206,1.1959224591494009,red
0.5,15,848.9544696018493,-0.38003204569323984,0.2550782644447263,green
0.02,25,1338.814815626403,-0.5422335683413312,-0.044774803920718524,orange
0.02,25,1338.814815626403,-0.4697798290203295,-0.551057497961534,orange
0.02,25,1338.814815626403,1.0178633142363964,-0.3404533536169565,blue
0.02,25,1338.814815626403,0.9408042644459176,0.1646001018016912,blue
0.02,25,1338.814815626403,0.30819830627450717,1.0749986643699987,green
0.02,25,1338.814815626403,0.5885527355869746,-0.8996801167629415,green
0.02,25,1338.814815626403,0.8718391318074571,0.6631331341737465,blue
0.02,25,1338.814815626403,0.376214968703769,0.5800872551187587,green
0.02,25,1338.814815626403,-1.1049527313276146,0.3619491158401139,red
0.02,25,1338.814815626403,0.8061012522070161,1.1489719613648102,blue
0.02,25,1338.814815626403,-0.11653239590802252,0.5124469571940975,yellow
0.02,25,1338.814815626403,0.029465240289801988,-0.47808788873971075,yellow
0.02,25,1338.814815626403,-0.400018012970738,-1.0489035233117947,orange
0.02,25,1338.814815626403,0.09507510599686136,-0.9675022561716438,yellow
0.02,25,1338.814815626403,-0.6884986886175689,0.9345713353500555,orange
0.02,25,1338.814815626403,-1.0346976510467834,-0.12190010381708662,red
0.02,25,1338.814815626403,-0.18889368787965935,1.0048342076038344,yellow
0.02,25,1338.814815626403,0.4485703794168706,0.08357801924633233,green
0.02,25,1338.814815626403,-0.04270006391596334,0.01680999201976423,yellow
0.02,25,1338.814815626403,-1.1780371245472196,0.854534444079733,red
0.02,25,1338.814815626403,-0.9633763596436316,-0.6178761850673853,red
0.02,25,1338.814815626403,1.088083430619127,-0.8254416743949017,blue
0.02,25,1338.814815626403,-0.6146625536215538,0.44325333769635933,orange
0.02,25,1338.814815626403,-0.8906339898938022,-1.112123037273429,red
0.02,25,1338.814815626403,0.5234320609709203,-0.40475310387379343,green
0.004,25,1028.7007185401508,-0.5088873881574041,-0.09877936834904785,orange
0.004,25,1028.7007185401508,-0.40558315835322434,-0.5904517533869811,orange
0.004,25,1028.7007185401508,1.063182348323873,-0.28193045070970096,blue
0.004,25,1028.7007185401508,0.9588381062278661,0.2094352939172355,blue
0.004,25,1028.7007185401508,0.26440817696644836,1.08346550021064,green
0.004,25,1028.7007185401508,0.6756449392234438,-0.8729275743888321,green
0.004,25,1028.7007185401508,0.8563451242218627,0.6995046224114078,blue
0.004,25,1028.7007185401508,0.3669352293907201,0.5941174090576598,green
0.004,25,1028.7007185401508,-1.1004268241877118,0.284204923753234,red
0.004,25,1028.7007185401508,0.7544000945078962,1.1870892339625994,blue
0.004,25,1028.7007185401508,-0.12209961666524809,0.49185059860493674,yellow
0.004,25,1028.7007185401508,0.08469888195685196,-0.486959920636727,yellow
0.004,25,1028.7007185401508,-0.3026684388558191,-1.0803540625291064,orange
0.004,25,1028.7007185401508,0.18649992214224875,-0.9753128874170133,yellow
0.004,25,1028.7007185401508,-0.7155783752373058,0.8777561214603854,orange
0.004,25,1028.7007185401508,-0.9978121315647315,-0.20301920167515855,red
0.004,25,1028.7007185401508,-0.2252670772637741,0.9806704932834877,yellow
0.004,25,1028.7007185401508,0.47011275919931866,0.10443626636432898,green
0.004,25,1028.7007185401508,-0.018578519422132303,0.002396410015850849,yellow
0.004,25,1028.7007185401508,-1.203797241652045,0.7730727508253854,red
0.004,25,1028.7007185401508,-0.8946460723581464,-0.6925272721801933,red
0.004,25,1028.7007185401508,1.1658425227251474,-0.7694087401047406,blue
0.004,25,1028.7007185401508,-0.6121152484088858,0.3892125319265286,orange
0.004,25,1028.7007185401508,-0.7913236755561337,-1.1817505342615564,red
0.004,25,1028.7007185401508,0.5738197905875453,-0.3835314868531456,green
0.55,25,1319.917119432228,0.12392129893372783,0.10309373049383716,orange
0.55,25,1319.917119432228,0.08670419908280466,0.7186303511362918,orange
0.55,25,1319.917119432228,-0.846097993382477,0.7079751470612298,blue
0.55,25,1319.917119432228,-0.6902845363123099,0.19108990100599876,blue
0.55,25,1319.917119432228,-0.48253965084259487,-0.2036550933660263,green
0.55,25,1319.917119432228,-0.4955413760072093,0.8841719801790024,green
0.55,25,1319.917119432228,-0.7429612834818042,-0.11843821446554026,blue
0.55,25,1319.917119432228,-0.4228589221479179,0.09238767932458261,green
0.55,25,1319.917119432228,0.3975326592734772,0.259411836344759,red
0.55,25,1319.917119432228,-0.8203712817569564,-0.2805442900837486,blue
0.55,25,1319.917119432228,-0.1666284051167019,0.06185103456581648,yellow
0.55,25,1319.917119432228,-0.29866825698387905,0.637936557884483,yellow
0.55,25,1319.917119432228,0.11009454610929537,1.0745460282741606,orange
0.55,25,1319.917119432228,-0.2073630623507055,0.8277076134505037,yellow
0.55,25,1319.917119432228,0.2912698913927043,-0.15127188977324707,orange
0.55,25,1319.917119432228,0.38079314056474917,0.34787171504221415,red
0.55,25,1319.917119432228,-0.10526559080855102,-0.18539050047588987,yellow
0.55,25,1319.917119432228,-0.46835845310507274,0.4018684331430181,green
0.55,25,1319.917119432228,-0.2239952702024917,0.4101353824386587,yellow
0.55,25,1319.917119432228,0.46548049497466043,-0.03306237250230654,red
0.55,25,1319.917119432228,0.34152112487248765,0.6994152060181155,red
0.55,25,1319.917119432228,-0.8484935626237988,0.8221638969528537,blue
0.55,25,1319.917119432228,0.19266252037477852,0.07591282376415513,orange
0.55,25,1319.917119432228,0.2613476790479259,0.9937075596062446,red
0.55,25,1319.917119432228,-0.5552682353468298,0.6173674071384309,green
0.55,10,454.0131043876515,0.20112348571928554,-9.647192128063687e-4,orange
0.55,10,454.0131043876515,-0.04991514075004702,0.7272907967009371,orange
0.55,10,454.0131043876515,-0.9950857551909041,0.48958404656636595,blue
0.55,10,454.0131043876515,-0.38360567421228514,-0.1448801012986468,blue
0.55,10,454.0131043876515,-0.6963163155786163,-0.46912733730344874,green
0.55,10,454.0131043876515,-0.6611886762032638,0.7562217150822883,green
0.55,10,454.0131043876515,-0.7662517619112879,-0.4238668139483128,blue
0.55,10,454.0131043876515,-0.44347496014254945,-0.13165255497617906,green
0.55,10,454.0131043876515,0.4452078975055773,0.3017733976032149,red
0.55,10,454.0131043876515,-0.8815554223945709,-0.5664568082039274,blue
0.55,10,454.0131043876515,-0.08375417372681482,-0.16279204063331357,yellow
0.55,10,454.0131043876515,-0.33701183471598495,0.5440597074635442,yellow
0.55,10,454.0131043876515,-0.07027360300810118,1.0256153015411662,orange
0.55,10,454.0131043876515,-0.3056974286243509,0.6481611428045022,yellow
0.55,10,454.0131043876515,0.39265897448990844,-0.3045541076241695,orange
0.55,10,454.0131043876515,0.43199975369084936,0.35317810178359615,red
0.55,10,454.0131043876515,0.13510661687034808,-0.3958058247695072,yellow
0.55,10,454.0131043876515,-0.4705399075798076,0.10638895527884021,green
0.55,10,454.0131043876515,-0.15116380219980924,0.11393616904768496,yellow
0.55,10,454.0131043876515,0.7109661140016287,-0.11376730697464245,red
0.55,10,454.0131043876515,0.3801963136404003,0.7505001209219213,red
0.55,10,454.0131043876515,-0.9685350745191823,0.49555977079526475,blue
0.55,10,454.0131043876515,0.4175478013673059,-0.07965679350919017,orange
0.55,10,454.0131043876515,-0.08198157563140723,0.8252399357082285,red
0.55,10,454.0131043876515,-0.622444000705391,0.13936765528210449,green
0.25,10,423.05444439954607,-0.8730899987955307,-0.41351201147952754,orange
0.25,10,423.05444439954607,-1.1688965253326398,-0.1520972542873919,orange
0.25,10,423.05444439954607,-0.6184121519970631,0.46452557617880225,blue
0.25,10,423.05444439954607,-0.401488836308018,0.13364107035879447,blue
0.25,10,423.05444439954607,-0.11456755657346404,-0.24946359635580037,green
0.25,10,423.05444439954607,-0.9966912408858339,0.3855641756328625,green
0.25,10,423.05444439954607,-0.14024927656799924,0.028206547159159996,blue
0.25,10,423.05444439954607,-0.38019908521162527,-0.14088814162113006,green
0.25,10,423.05444439954607,-0.9570001573546459,-0.7256118046493921,red
0.25,10,423.05444439954607,0.05213038526091506,-0.06631818758722868,blue
0.25,10,423.05444439954607,-0.5226672763612282,-0.37928890475587274,yellow
0.25,10,423.05444439954607,-0.9607088131983692,0.00811040346224437,yellow
0.25,10,423.05444439954607,-1.3736728309651753,-0.026835387828525632,orange
0.25,10,423.05444439954607,-1.0995711155547694,0.14626757155611902,yellow
0.25,10,423.05444439954607,-0.536276485834746,-0.7836674928808779,orange
0.25,10,423.05444439954607,-1.098180103418123,-0.606073408696464,red
0.25,10,423.05444439954607,-0.3463452473908667,-0.5792764684830997,yellow
0.25,10,423.05444439954607,-0.5741000452085849,0.014342199946081512,green
0.25,10,423.05444439954607,-0.7278086174019872,-0.208790387156561,yellow
0.25,10,423.05444439954607,-0.7706131063142673,-0.9723226685263355,red
0.25,10,423.05444439954607,-1.340688567524672,-0.45034925259583086,red
0.25,10,423.05444439954607,-0.748275693631692,0.566481114075636,blue
0.25,10,423.05444439954607,-0.7140578939908079,-0.6483628991564293,orange
0.25,10,423.05444439954607,-1.4679224197152345,-0.15464303666537899,red
0.25,10,423.05444439954607,-0.7048805023449969,0.19789036366107424,green
0.1,5,151.2377240143594,-0.4775039121459974,0.10851335237267509,orange
0.1,5,151.2377240143594,-0.8324870307830822,0.5370953062567596,orange
0.1,5,151.2377240143594,0.16502491878908301,1.3281755287779982,blue
0.1,5,151.2377240143594,0.4836492455035173,0.9345519015702682,blue
0.1,5,151.2377240143594,0.6908327008102947,0.06210907663502162,green
0.1,5,151.2377240143594,-0.442196210050439,1.3330979717600842,green
0.1,5,151.2377240143594,0.7545742870326972,0.5977594566034157,blue
0.1,5,151.2377240143594,0.3771853105782042,0.41561521776306104,green
0.1,5,151.2377240143594,-0.5431728476484525,-0.46073376402016664,red
0.1,5,151.2377240143594,1.011192169509454,0.32237911187744933,blue
0.1,5,151.2377240143594,0.10124234554572158,0.06793117393068529,yellow
0.1,5,151.2377240143594,-0.453149227129073,0.7485828559785718,yellow
0.1,5,151.2377240143594,-1.1171914371028018,0.7655804895180244,orange
0.1,5,151.2377240143594,-0.7557172944253855,1.023443484398872,yellow
0.1,5,151.2377240143594,-0.024001470936161513,-0.5359219993614757,orange
0.1,5,151.2377240143594,-0.8528154061329403,-0.12205010259420049,red
0.1,5,151.2377240143594,0.3414567980418627,-0.23957816422419667,yellow
0.1,5,151.2377240143594,0.12520800693023842,0.7278541957258926,green
0.1,5,151.2377240143594,-0.17850435302274753,0.41814053937010554,yellow
0.1,5,151.2377240143594,-0.37971360924073116,-0.729542943067484,red
0.1,5,151.2377240143594,-1.1298280230918596,0.2688544366551588,red
0.1,5,151.2377240143594,0.038336306503428855,1.6495628323797766,blue
0.1,5,151.2377240143594,-0.2769555392761408,-0.19172888060048973,orange
0.1,5,151.2377240143594,-1.3086289463284089,0.7424954756294655,red
0.1,5,151.2377240143594,0.026458069147106682,1.0094023060240829,green
0.5,5,121.36255985776548,-0.19565431371912612,0.09038867303881852,orange
0.5,5,121.36255985776548,-0.29069395976937334,0.3915885102959996,orange
0.5,5,121.36255985776548,-0.28893716912540846,0.3022755349912923,blue
0.5,5,121.36255985776548,-0.2526579694036588,0.03847487437535738,blue
0.5,5,121.36255985776548,-0.1770601690899523,-0.07490114502402277,green
0.5,5,121.36255985776548,-0.37132283809281635,0.4109991903296232,green
0.5,5,121.36255985776548,-0.2057126737864924,-0.048055966404818296,blue
0.5,5,121.36255985776548,-0.20273227557802614,0.06784123085755815,green
0.5,5,121.36255985776548,0.19381156149189555,0.17045146371003805,red
0.5,5,121.36255985776548,-0.20178081716224888,-0.08318593664701339,blue
0.5,5,121.36255985776548,-0.07168073545881852,0.07449681566587366,yellow
0.5,5,121.36255985776548,-0.14865420748524932,0.12613686678373762,yellow
0.5,5,121.36255985776548,-0.10439515190131911,0.2932786196187182,orange
0.5,5,121.36255985776548,-0.1028343582650124,0.17303824146178295,yellow
0.5,5,121.36255985776548,-0.12567833851238341,0.06324240433126894,orange
0.5,5,121.36255985776548,-0.15035252696082574,0.15359231379769628,red
0.5,5,121.36255985776548,-0.09937838623396412,0.02354021615969383,yellow
0.5,5,121.36255985776548,0.02716685035016237,0.010334328045028561,green
0.5,5,121.36255985776548,-0.03628468134370141,0.06007439504903957,yellow
0.5,5,121.36255985776548,-0.17759852504544965,0.10363482210491569,red
0.5,5,121.36255985776548,-0.11834973661469131,0.16010043910485755,red
0.5,5,121.36255985776548,0.13781176708949472,-0.019723566359114486,blue
0.5,5,121.36255985776548,-0.11306471213064222,0.09141217617822575,orange
0.5,5,121.36255985776548,0.03322621143204106,0.076543367058165,red
0.5,5,121.36255985776548,0.04438138633097284,-0.027168978659594695,green
0.02,5,196.5173646737329,-0.49420450879744543,-0.2153407372140398,orange
0.02,5,196.5173646737329,-0.3436249717955548,-0.7223988842278496,orange
0.02,5,196.5173646737329,1.0865330597607934,-0.2904787727128362,blue
0.02,5,196.5173646737329,0.9387142458835303,0.20455620215354584,blue
0.02,5,196.5173646737329,0.18508934579685893,1.0090740614350375,green
0.02,5,196.5173646737329,0.7418197153811176,-0.9050583778011606,green
0.02,5,196.5173646737329,0.7946978842053631,0.683633392321857,blue
0.02,5,196.5173646737329,0.3268511916957197,0.5202444789579548,green
0.02,5,196.5173646737329,-1.10811584920384,0.11139987526151916,red
0.02,5,196.5173646737329,0.6601766062680411,1.1494550376095676,blue
0.02,5,196.5173646737329,-0.15779027098481915,0.39552587520130184,yellow
0.02,5,196.5173646737329,0.1318569731544552,-0.5646515058404042,yellow
0.02,5,196.5173646737329,-0.22120330167410143,-1.1912450979183897,orange
0.02,5,196.5173646737329,0.2583284667976348,-1.041930374223711,yellow
0.02,5,196.5173646737329,-0.7853552786839362,0.7172361020596821,orange
0.02,5,196.5173646737329,-0.9673072724374687,-0.3753357543769025,red
0.02,5,196.5173646737329,-0.29747719119694893,0.8624558867667451,yellow
0.02,5,196.5173646737329,0.47084701505675847,0.04424618938144046,green
0.02,5,196.5173646737329,-0.011052660686065608,-0.08748575885659116,yellow
0.02,5,196.5173646737329,-1.2509552534301442,0.5579067464090668,red
0.02,5,196.5173646737329,-0.8131984914428492,-0.8602681698606195,red
0.02,5,196.5173646737329,1.244994799683047,-0.7443506881194105,blue
0.02,5,196.5173646737329,-0.6360642070917146,0.24158713866169976,orange
0.02,5,196.5173646737329,-0.6342641879730315,-1.341799607920317,red
0.02,5,196.5173646737329,0.6251225034495734,-0.3944696209031539,green
0.25,5,152.15336673280555,-0.33374044964355476,-0.43766223949721095,orange
0.25,5,152.15336673280555,-0.8155515599403289,-0.01278122691728158,orange
0.25,5,152.15336673280555,-0.06999983736773446,0.7163253894977476,blue
0.25,5,152.15336673280555,0.3098807893280589,0.3526590251216425,blue
0.25,5,152.15336673280555,0.593280643494731,-0.24354053239371362,green
0.25,5,152.15336673280555,-0.5775085509181914,0.6107305040034702,green
0.25,5,152.15336673280555,0.5830925664905524,0.09302883231408211,blue
0.25,5,152.15336673280555,0.21871208274702528,0.03047771232233093,green
0.25,5,152.15336673280555,-0.3758127056026892,-0.9055085755954324,red
0.25,5,152.15336673280555,0.7989696814866938,-0.03164355985690761,blue
0.25,5,152.15336673280555,0.09074699629921551,-0.38017158544892327,yellow
0.25,5,152.15336673280555,-0.4924378694803739,0.155689205032396,yellow
0.25,5,152.15336673280555,-1.1309502526740636,0.047724559870944934,orange
0.25,5,152.15336673280555,-0.8141295229882509,0.26688802446720183,yellow
0.25,5,152.15336673280555,-0.04153990700018219,-0.9306041604690124,orange
0.25,5,152.15336673280555,-0.7384376409967531,-0.6351104883246322,red
0.25,5,152.15336673280555,0.2826044170967946,-0.600903790700486,yellow
0.25,5,152.15336673280555,-0.0319994509365599,0.25947564802392586,green
0.25,5,152.15336673280555,-0.2270715778706333,-0.09329695956449048,yellow
0.25,5,152.15336673280555,-0.32612407775192465,-1.0408965645453603,red
0.25,5,152.15336673280555,-1.0609020105771976,-0.28099904729915604,red
0.25,5,152.15336673280555,-0.07609462073798426,1.0206997560618394,blue
0.25,5,152.15336673280555,-0.28534226378721794,-0.6441387125614805,orange
0.25,5,152.15336673280555,-1.1311880753795915,0.26272827282289984,red
0.25,5,152.15336673280555,0.037243680794558934,0.44250518207525236,green
0.004,5,150.80161564403622,0.48795940234671953,-0.08918112862166298,orange
0.004,5,150.80161564403622,0.37246670908880286,-0.5818513904977934,orange
0.004,5,150.80161564403622,-1.0873889115882407,-0.23770858648137944,blue
0.004,5,150.80161564403622,-0.9718627288698365,0.25252226973177916,blue
0.004,5,150.80161564403622,-0.2579391017626994,1.1096265241035463,green
0.004,5,150.80161564403622,-0.7130928906537304,-0.8374852930859759,green
0.004,5,150.80161564403622,-0.8572777487239127,0.7394825247032372,blue
0.004,5,150.80161564403622,-0.3720714637750374,0.620801315221078,green
0.004,5,150.80161564403622,1.0882614854586643,0.281518846535798,red
0.004,5,150.80161564403622,-0.7441764297211487,1.2236296958645372,blue
0.004,5,150.80161564403622,0.11578554520535367,0.5101371488072999,yellow
0.004,5,150.80161564403622,-0.11369392291366714,-0.46437720406235927,yellow
0.004,5,150.80161564403622,0.262511958548173,-1.0664055051172117,orange
0.004,5,150.80161564403622,-0.22480388635416781,-0.9507663530352033,yellow
0.004,5,150.80161564403622,0.7182789679528613,0.8801313314976066,orange
0.004,5,150.80161564403622,0.9746619773664666,-0.2066099716874948,red
0.004,5,150.80161564403622,0.22939168851938166,0.9946531434264207,yellow
0.004,5,150.80161564403622,-0.48651612418016654,0.13417766682537324,green
0.004,5,150.80161564403622,0.0010027630861537404,0.022202880452869386,yellow
0.004,5,150.80161564403622,1.202984970092495,0.7627029031317458,red
0.004,5,150.80161564403622,0.8584510969184166,-0.694893723218299,red
0.004,5,150.80161564403622,-1.2037505544477125,-0.7211955793725425,blue
0.004,5,150.80161564403622,0.6030455101565944,0.39380397641655296,orange
0.004,5,150.80161564403622,0.7373185287704289,-1.1829353712333386,red
0.004,5,150.80161564403622,-0.6032926763354122,-0.34531616788768177,green
0.4,5,80.07305459264697,-0.30389216706507866,0.6674870435612421,orange
0.4,5,80.07305459264697,-0.1316502150404665,0.5052508985878227,orange
0.4,5,80.07305459264697,0.21868076601271927,0.24539594764717496,blue
0.4,5,80.07305459264697,0.14828768669833114,0.2840559293139518,blue
0.4,5,80.07305459264697,0.14280632551364464,0.27765501886293137,green
0.4,5,80.07305459264697,0.1160105333451333,0.3021690370215392,green
0.4,5,80.07305459264697,0.17471087543619315,0.26360073091023045,blue
0.4,5,80.07305459264697,0.16109657436527464,0.2728192424600518,green
0.4,5,80.07305459264697,0.12230685403282883,0.23404519042605273,red
0.4,5,80.07305459264697,0.1993843291927248,0.27306725982148083,blue
0.4,5,80.07305459264697,0.12454360952738275,0.2236704263038934,yellow
0.4,5,80.07305459264697,0.14610496175205473,0.29850635546576937,yellow
0.4,5,80.07305459264697,0.07529378223494586,0.3169417520666021,orange
0.4,5,80.07305459264697,0.11057948819672891,0.27688245581609133,yellow
0.4,5,80.07305459264697,-0.07984737616172233,-0.00335464290969808,orange
0.4,5,80.07305459264697,-0.05573349610379731,0.14453279422426124,red
0.4,5,80.07305459264697,0.0428064174142819,-0.05339725761071016,yellow
0.4,5,80.07305459264697,0.23096429629117793,0.09233119209169963,green
0.4,5,80.07305459264697,0.11649544474924918,0.10168292732889687,yellow
0.4,5,80.07305459264697,-0.09422374189927121,0.03282152802889835,red
0.4,5,80.07305459264697,-0.0012630613446645825,0.26883596990159486,red
0.4,5,80.07305459264697,0.3911915136226045,0.16191201458959048,blue
0.4,5,80.07305459264697,-0.008554341602316185,0.05321086872572091,orange
0.4,5,80.07305459264697,0.16482299036214754,0.31234214777285646,red
0.4,5,80.07305459264697,0.26073285275688335,0.03427311186990785,green
0.55,5,123.29567461449858,-0.041731879223672615,0.05914564209928317,orange
0.55,5,123.29567461449858,-0.22331033280631332,0.2443558713298878,orange
0.55,5,123.29567461449858,-0.04666520556214384,0.14778557291828856,blue
0.55,5,123.29567461449858,0.08828690992433545,-0.0583574215416214,blue
0.55,5,123.29567461449858,0.182910329945285,-0.19166835937506982,green
0.55,5,123.29567461449858,-0.1737183772960015,0.20786142741047312,green
0.55,5,123.29567461449858,0.16944261459090476,-0.1725573185781533,blue
0.55,5,123.29567461449858,0.09910679357263504,0.0031082130588017502,green
0.55,5,123.29567461449858,0.35153896057568423,0.09604703312479368,red
0.55,5,123.29567461449858,0.16561312463349653,-0.2604753860642589,blue
0.55,5,123.29567461449858,0.2225349159778801,-0.058603410785626385,yellow
0.55,5,123.29567461449858,0.1613750904461009,0.31857756005661175,yellow
0.55,5,123.29567461449858,0.18873172060393786,0.6026298447026521,orange
0.55,5,123.29567461449858,0.228967318146552,0.47012834644846063,yellow
0.55,5,123.29567461449858,0.2633822062290447,-0.17505900757070433,orange
0.55,5,123.29567461449858,0.22021128356524006,0.10106939561181943,red
0.55,5,123.29567461449858,0.24392966187970389,-0.06153559580313852,yellow
0.55,5,123.29567461449858,0.4561657912863126,0.38575729552394816,green
0.55,5,123.29567461449858,0.3565370915692135,0.19042504863256987,yellow
0.55,5,123.29567461449858,0.21364280094951624,-0.08776473810626739,red
0.55,5,123.29567461449858,0.19836453910374083,0.23327530465281376,red
0.55,5,123.29567461449858,0.586181647429475,0.5961319382452805,blue
0.55,5,123.29567461449858,0.2651654379870391,0.021692783908169807,orange
0.55,5,123.29567461449858,0.41307293962793334,0.35194332362428415,red
0.55,5,123.29567461449858,0.557325989049723,0.33953691125648916,green
